walking,259,1837,1286,488.716835024,0.907325456222,12,13,10,11,11,6,9,0.409836065574,529.746292609,184.779443654,166.264417375,10,10,868,1827,1416,375.513195493,0.919601393111,12,13,1,11,11,8,10,0.319672131148,411.205461893,139.411711063,138.792023706,10,10,754,1790,1351,372.233065577,0.945034350082,12,1,10,10,11,4,9,0.348360655738,409.191963134,136.234168488,134.30314598,10,10
walking,231,1846,1257,499.405286978,0.924382614903,13,11,2,13,12,5,10,0.404411764706,489.315685802,214.559049516,205.965375123,10,10,740,1823,1426,392.69360871,0.924119514648,13,1,11,13,13,3,10,0.3125,371.043155966,162.940427973,160.560430174,10,10,688,1781,1341,389.003581647,0.950896808149,13,11,12,13,13,4,10,0.349264705882,374.737823837,164.533257907,159.483385473,10,10
walking,174,1837,1272,518.265581892,0.919018674531,14,12,15,14,13,3,11,0.397260273973,428.453297734,306.929387624,196.384661468,11,11,831,1815,1403,364.07719358,0.922475199181,14,12,1,13,12,9,10,0.308219178082,299.030517634,179.363460608,161.60453673,11,11,691,1762,1337,388.656084167,0.945580140847,14,12,15,10,12,6,11,0.352739726027,329.815032335,223.526522958,152.249338478,11,11
walking,199,1836,1257,531.330688224,0.89656054893,11,8,1,11,11,4,9,0.411483253589,435.543370941,307.773989316,201.454364448,9,9,831,1814,1389,360.296714097,0.918951447055,11,8,9,9,10,7,9,0.325358851675,286.187824782,211.17476364,136.613209974,9,9,653,1778,1323,380.35320182,0.935406933711,11,8,1,11,11,5,9,0.377990430622,306.640906026,227.517003911,160.643062896,9,9
walking,199,1832,1236,535.886745997,0.902778710681,12,13,1,13,13,2,9,0.424369747899,593.201305089,177.870013161,173.186773347,10,10,866,1824,1415,375.193353244,0.92097259302,12,9,13,12,12,6,10,0.319327731092,423.593173523,124.557493341,115.614153892,10,10,734,1788,1325,394.121219816,0.940487762565,12,1,9,12,12,7,10,0.373949579832,444.313931585,139.688453876,128.867380657,10,10
walking,141,1837,1223,544.745463068,0.911980855635,13,14,2,12,12,5,10,0.425992779783,539.189904658,271.149984903,198.210404308,12,12,856,1816,1430,354.29218942,0.929232745465,13,14,1,12,12,7,9,0.27797833935,359.675360597,199.681586352,156.385174696,11,11,687,1757,1326,389.21965966,0.941719553759,13,14,1,10,12,4,11,0.361010830325,396.284020108,204.556625139,154.932675117,11,11
walking,213,1832,1279,523.675549481,0.912738377763,13,14,1,13,14,0,10,0.389312977099,493.418908348,279.22817912,254.299455103,10,10,848,1824,1446,383.435945241,0.922759638271,13,14,1,11,14,0,10,0.30534351145,369.440494787,224.201858666,187.129558644,10,10,720,1785,1362,396.441760584,0.948248311503,13,1,14,11,12,1,10,0.339694656489,377.074775358,218.431996232,215.254771424,10,10
walking,193,1844,1259,498.726952976,0.893484127439,12,13,37,12,12,7,10,0.388,480.662412806,363.018394042,156.641811959,10,10,872,1827,1428,369.425311393,0.924863391312,12,13,1,12,12,5,10,0.312,347.656447117,250.354057086,144.049642823,10,10,747,1769,1343,376.149128874,0.939045625614,12,13,2,11,12,7,10,0.344,366.956351684,266.87752328,119.815720364,10,10
walking,307,1833,1294,456.160366732,0.894532465214,12,11,13,11,12,8,9,0.395744680851,446.771003724,189.041412828,175.688122735,11,11,868,1820,1438,350.296795033,0.905303145102,12,10,13,13,11,9,11,0.272340425532,341.532010517,139.070942324,135.656383757,11,11,797,1770,1366,343.049372399,0.935892997102,12,11,13,11,13,8,11,0.336170212766,345.592613539,138.303896752,133.36026155,11,11
walking,246,1836,1340,484.685143555,0.903412061882,13,12,1,14,14,0,10,0.328467153285,386.160611727,285.259917044,228.675982301,10,10,851,1816,1424,364.307347489,0.908759684755,13,1,12,13,14,9,10,0.273722627737,289.044975409,195.287971807,192.72432354,11,11,706,1756,1382,375.712708165,0.933254440672,13,12,1,13,13,0,10,0.29197080292,298.49714184,215.259288859,211.292356884,11,11
standing_only,1724,1733,1726,1.7654770888,0.899846607029,3,2,4,0,0,0,0,0.0,1.28316054453,1.16435001732,0.844160415561,6,6,1744,1753,1746,1.95402614196,0.92895905005,1,2,4,0,0,0,0,0.0,1.70541221147,1.05407957652,0.996565902722,4,4,1734,1743,1736,1.73365368167,0.906660743499,2,3,4,0,0,0,0,0.0,1.06430576945,0.973819658542,0.910307342772,6,6
standing_only,1725,1730,1726,0.804728435379,0.763171790291,1,3,2,0,0,0,0,0.0,0.656882170489,0.378176164793,0.34917845809,1,2,1743,1749,1745,1.07545097885,0.818268950675,1,3,2,0,0,0,0,0.0,1.12823753641,0.505345695472,0.37813611767,4,5,1734,1739,1735,0.932959071196,0.80023682223,1,3,2,0,0,0,0,0.0,0.88658079751,0.485953652156,0.418771333706,2,3
standing_only,1673,1738,1722,15.4618229929,0.985202795237,1,2,3,4,5,1,3,0.0,17.1055676168,9.17277613835,4.87866478386,1,1,1714,1757,1743,7.29753982249,0.959639816104,6,2,7,3,6,0,2,0.0,4.52998583828,4.46798963175,3.48855740337,6,5,1711,1741,1732,7.2480646419,0.984336936688,1,2,3,4,5,3,4,0.0,8.1090815377,4.29055691008,2.97605034522,5,4
standing_only,1702,1732,1727,3.96563608248,0.975487862704,1,5,3,0,1,0,1,0.0,2.92356644629,1.85714631457,1.44511429214,6,5,1740,1748,1742,1.49074398145,0.869903866,1,5,3,0,0,0,0,0.0,1.20633228021,0.732037781518,0.598500867217,6,6,1723,1738,1734,1.70353982286,0.905999957186,1,5,6,0,0,0,0,0.0,0.859231454078,0.647062233894,0.635671320853,6,5
standing_only,1716,1727,1721,2.52891768697,0.971504452346,2,1,6,0,0,0,0,0.0,2.58750797942,1.20219678572,0.939113991587,3,2,1742,1750,1744,2.26962169777,0.976137730152,1,3,2,0,0,0,0,0.0,2.39221063765,1.09213086506,1.03211451341,1,0,1729,1737,1732,2.21056555489,0.973210218843,2,1,3,0,0,0,0,0.0,1.83106334959,1.74968608415,0.895779062871,2,1
standing_only,1677,1730,1714,12.1372783348,0.978700755138,1,7,10,6,6,2,5,0.0,12.8819731415,4.69716889699,4.34215762618,3,2,1741,1761,1752,3.73149572647,0.956885917721,3,10,7,1,3,1,3,0.0,1.89211063201,1.75234744441,1.75114128843,7,7,1717,1739,1733,5.04184955285,0.977887480297,1,7,10,0,4,0,4,0.0,5.72739661676,1.50835734535,1.29671550318,2,1
standing_only,1640,1679,1655,7.09091171122,0.963165034512,1,4,2,3,6,1,2,0.0,6.13162663329,3.71430010027,3.48199292,4,4,1709,1746,1738,8.41905130996,0.994651251415,1,2,3,2,1,0,1,0.0,6.27166129978,6.18669556904,5.07409261899,2,1,1678,1709,1696,5.7552749581,0.981855065066,1,4,3,4,1,1,1,0.0,3.95888198331,3.51804113847,3.37343387984,2,1
standing_only,1721,1728,1724,1.32766925705,0.872588530336,2,1,3,0,0,0,0,0.0,1.07186990488,0.759503899013,0.725276128636,4,3,1743,1747,1745,0.809613795038,0.680260142387,1,6,3,0,0,0,0,0.0,0.547214356555,0.363539286879,0.346075267636,6,6,1733,1737,1734,0.855087283311,0.730860859356,2,3,1,0,0,0,0,0.0,0.609968660025,0.471006376573,0.3520045219,4,4
standing_only,1712,1732,1727,3.86545860783,0.972426555446,1,2,4,0,1,0,1,0.0,3.10921611909,2.64013992218,1.8362667208,3,3,1745,1751,1748,0.968731800055,0.836366237393,1,5,6,0,0,0,0,0.0,0.616228079722,0.515996674113,0.453740968729,6,5,1730,1741,1738,2.06616896763,0.949501189072,1,2,4,0,1,0,1,0.0,1.84503905023,1.35070559888,1.02540537792,3,2
standing_only,1723,1742,1730,3.45743964356,0.965849353409,1,2,6,2,0,2,0,0.0,3.14379042173,1.88273670097,1.17832153363,4,4,1728,1760,1750,4.32442794868,0.957809047592,3,2,4,2,2,1,2,0.0,2.52705228002,2.28145912933,2.26527307059,3,3,1728,1749,1740,2.48366538608,0.934805542485,5,4,6,0,1,0,1,0.0,1.41686022144,1.34758010766,1.33430890718,5,4
standing_up,868,1642,1288,319.134585791,0.996266138139,1,2,3,3,3,1,1,0.384615384615,406.695828893,120.568946915,75.5429466428,1,0,924,1728,1424,362.34397594,0.995094639071,1,2,4,3,2,0,1,0.338461538462,452.805424379,168.773780764,111.402542062,1,0,898,1679,1356,337.406417436,0.996924021463,1,2,4,2,2,0,1,0.353846153846,426.73114642,144.573549917,91.903131949,1,0
standing_up,888,1654,1225,327.919422545,0.997885244652,1,3,2,2,2,1,1,0.521739130435,428.98200172,108.282404107,69.2912959093,1,0,920,1724,1335,376.271470555,0.993420442173,1,3,5,1,2,0,1,0.449275362319,482.527709514,163.289029493,70.6242315885,1,0,905,1688,1280,345.884372116,0.99707367787,1,3,5,3,2,1,1,0.463768115942,451.804679804,133.532983614,59.4226467963,1,0
standing_up,816,1674,1208,328.342356308,0.994419278171,1,3,4,2,3,1,0,0.536231884058,421.521493776,132.100196782,71.0280922138,1,0,927,1740,1376,362.051739656,0.995905215447,1,3,2,3,2,1,1,0.405797101449,461.84583984,128.709697427,108.424114618,1,0,909,1667,1292,330.896007473,0.997826509085,1,3,4,1,2,1,1,0.434782608696,436.968561921,106.852004093,57.2972786715,1,0
standing_up,677,1766,1255,423.954949315,0.995065557762,1,3,5,2,2,1,1,0.518518518519,566.724131209,134.042102997,61.5860408805,1,0,913,1719,1376,324.422249204,0.989855229035,1,2,3,2,2,1,1,0.37037037037,388.72477969,175.571547543,101.516038177,1,0,872,1708,1315,347.088884178,0.996271188092,1,3,4,2,2,0,1,0.425925925926,458.640578032,106.029083534,60.9761960735,1,0
standing_up,859,1578,1182,280.56994683,0.986098880166,1,3,7,2,2,2,1,0.492307692308,341.493478556,161.027092182,63.6239390443,1,0,903,1754,1371,381.292977097,0.992929344701,1,3,5,2,1,0,1,0.446153846154,491.050025501,159.757862379,77.5030374283,1,0,883,1662,1276,325.389413029,0.993780605089,1,3,7,2,2,1,1,0.461538461538,413.670761169,158.904178109,53.8474996271,1,0
standing_up,578,1655,1189,363.632593219,0.983882099593,1,3,4,2,3,0,1,0.48275862069,444.068231701,179.83788066,109.808716409,1,0,886,1765,1481,361.774760545,0.992717310607,1,2,5,1,1,0,1,0.275862068966,434.142762602,223.00839381,78.4899524151,1,0,872,1690,1335,322.510108417,0.994297065642,1,2,3,3,3,1,1,0.362068965517,403.963831275,133.751864137,95.5099626453,1,0
standing_up,767,1683,1206,304.523267698,0.980584952225,1,2,4,4,2,2,0,0.596774193548,368.360548072,115.621493993,103.527546634,1,0,967,1739,1360,342.814962123,0.995918920237,1,3,5,4,3,2,1,0.467741935484,449.438012163,136.857480785,66.8689481874,1,0,946,1704,1283,309.145362479,0.994621088503,1,3,2,3,2,2,1,0.516129032258,398.536910163,114.431400594,65.6176656006,1,0
standing_up,872,1640,1243,326.290229517,0.997029369951,1,3,5,2,1,1,1,0.47619047619,431.226576911,98.0562237527,53.5142901643,1,0,933,1728,1382,371.0442688,0.994633537489,1,3,2,3,2,0,1,0.412698412698,478.315972234,126.962944942,95.2569574467,1,0,903,1677,1312,344.173811302,0.996901500159,1,3,4,1,1,1,1,0.428571428571,451.35821767,110.664324295,66.1432708132,1,0
standing_up,888,1619,1192,313.04775458,0.996768580398,1,3,4,3,2,2,0,0.55223880597,402.104158504,115.533246938,78.6490367973,1,0,927,1740,1346,379.336162031,0.996078912344,1,3,5,2,2,0,1,0.44776119403,492.658937585,156.732746723,79.5047078494,1,0,908,1678,1269,338.89428476,0.997892266578,1,3,5,1,2,1,1,0.477611940299,443.351738366,129.608219653,50.6217876417,1,0
standing_up,863,1624,1315,296.857010655,0.995932309016,1,2,5,2,2,1,1,0.34375,386.401272279,104.919164769,58.3862049907,2,1,893,1728,1464,343.455799867,0.991086980354,1,2,4,1,1,0,1,0.3125,413.19823075,204.102122569,93.2882717217,1,0,880,1666,1389,314.365261996,0.995207438341,1,2,4,2,3,0,1,0.3125,395.404492968,153.704395816,75.6583488618,1,0
squatting,764,1798,1613,136.20663337,0.926841903484,10,11,4,15,12,5,5,0.0096463022508,85.0849354407,79.3619090016,69.7574332541,9,9,1178,1734,1651,79.403658306,0.897656184592,4,10,3,16,20,0,6,0.0,45.4559380071,36.4461672352,31.8248268582,15,15,1206,1733,1632,68.299200516,0.882537399309,11,14,10,19,18,4,8,0.0,39.2654294426,27.4981419349,24.346849491,13,13
squatting,1346,1778,1637,77.5777878419,0.920061741721,12,11,7,21,15,8,7,0.0,61.4198803374,43.5557987662,25.3480609262,11,12,1481,1797,1686,53.2488780823,0.866956036678,23,4,10,20,19,3,7,0.0,23.9934859986,23.668623286,21.3383522504,17,17,1495,1741,1661,42.0356030718,0.874763467775,12,11,3,21,19,6,7,0.0,29.4961379482,20.9184879724,19.0429404524,15,16
squatting,1497,1798,1677,68.496600105,0.942095387191,11,12,13,19,13,10,5,0.0,67.0654096917,27.127563214,24.6083873326,11,11,1393,1733,1648,68.2830375114,0.835274662005,22,3,11,17,21,3,7,0.0,31.0705040616,26.7663129249,26.5474196256,19,19,1509,1743,1662,42.8710061297,0.843844502462,11,22,2,22,18,6,8,0.0,28.3035269381,21.2771276963,14.252947786,12,12
squatting,1464,1811,1677,82.9407752294,0.93938740847,12,10,11,19,11,8,7,0.0,85.6775488895,34.2728952877,32.5932267591,11,12,1260,1766,1677,78.1951280158,0.848915745635,36,1,11,20,17,1,7,0.0,39.0164626415,33.5673047048,28.1558047229,16,16,1385,1768,1677,59.4530692753,0.877631014725,12,36,11,18,13,6,7,0.0,47.7866556834,24.2887538743,18.0184614123,15,15
squatting,1351,1782,1644,95.1513882284,0.950705963606,11,12,3,13,12,8,7,0.0,103.527392242,45.6749747422,27.110002121,10,10,1286,1747,1648,73.1975268839,0.768161621956,22,2,1,19,20,4,5,0.0,33.0228875013,31.4283408734,31.2735568757,16,16,1443,1744,1646,56.60348769,0.855643972951,11,1,12,20,12,5,6,0.0,49.9828009665,22.8932720829,21.36311534,14,14
squatting,1386,1789,1666,77.5923741673,0.928183266151,12,11,1,17,13,7,6,0.0,63.5298179181,49.279089272,29.2884579445,12,12,1390,1785,1706,70.5339169077,0.874864735788,1,2,23,18,20,1,7,0.0,40.2163503936,36.6104187549,24.5998493789,14,14,1511,1769,1686,51.3670392186,0.873991394159,12,11,35,19,14,3,6,0.0,35.4897040473,20.9220257396,16.8254441604,15,15
squatting,728,1805,1668,110.696036628,0.914892853978,11,12,9,19,16,5,4,0.00920245398773,74.5243087444,46.5212357549,45.5179150881,10,11,1178,1732,1616,92.2118901799,0.870583741416,2,21,3,21,18,4,6,0.0,38.4326890943,37.3987192765,34.0523690935,16,16,1179,1723,1642,65.3311562155,0.870175703921,3,23,34,20,19,3,6,0.0,36.6587166868,24.4420004982,23.1014556278,16,16
squatting,1231,1799,1667,94.0640045486,0.958113323388,11,3,2,18,13,5,4,0.0,73.8554550283,56.7703840463,45.8444297904,11,11,1569,1770,1704,36.2307716393,0.855358607412,3,5,34,22,24,7,9,0.0,21.2273113662,18.3622663503,13.7691998398,12,12,1499,1741,1685,41.9963228538,0.917129761524,11,2,3,19,15,5,4,0.0,30.9886301495,21.6344815482,17.839344696,14,14
squatting,1400,1799,1675,74.5619947419,0.934150761,11,12,9,16,12,10,6,0.0,66.4305235182,44.1130167949,19.7243910343,11,11,1258,1726,1639,69.6844534379,0.76523718692,5,2,1,16,18,4,7,0.0,26.6421312132,25.0166680573,25.0124416093,13,13,1470,1741,1657,46.7642884146,0.816027157604,11,12,15,18,14,5,8,0.0,31.7109804267,22.0149946122,14.4696797306,15,15
squatting,594,1805,1664,159.351306848,0.963233818521,11,2,12,14,13,0,2,0.0229508196721,104.433896361,67.6649632397,60.4141708971,9,9,1384,1770,1680,68.1122155556,0.855558131307,22,11,23,22,22,2,8,0.0,39.2991615981,28.7035004977,25.7994289974,16,16,1167,1764,1672,79.4776075752,0.934639874388,11,22,2,19,14,0,4,0.0,47.8568418153,28.9754352451,27.9440276871,13,13
sitting_down,490,1628,1172,370.301760957,0.991026437865,1,3,2,3,2,2,1,0.55223880597,466.039987995,143.4686419,130.315820172,0,1,960,1766,1429,348.317781244,0.996165304456,1,2,3,3,4,0,1,0.313432835821,449.768721169,108.184733876,99.6581967251,0,1,946,1687,1300,330.211975585,0.9962765504,1,3,5,3,2,1,0,0.492537313433,430.799652043,113.627809121,77.1672870678,0,1
sitting_down,780,1626,1157,339.302940138,0.993187059335,1,2,3,2,3,1,1,0.603174603175,435.379962417,123.198505894,83.9578889228,0,1,897,1746,1322,394.378038155,0.994020075509,1,3,5,3,3,2,2,0.492063492063,513.853026993,156.931666381,89.22083475,0,1,876,1679,1240,356.886364313,0.996377476096,1,3,2,3,3,1,1,0.52380952381,469.712996363,112.196796157,67.2061311786,0,1
sitting_down,577,1647,1153,399.457525269,0.987389328872,1,3,5,2,1,1,1,0.531914893617,521.582107581,136.480844157,91.9702478568,0,1,965,1765,1415,355.636252617,0.985996835641,1,3,2,3,4,0,2,0.382978723404,455.649973515,127.894805659,94.3608040709,0,1,877,1692,1284,361.410760483,0.993430679517,1,3,5,2,1,1,1,0.468085106383,477.392986811,123.539063782,68.0373811038,0,1
sitting_down,346,1696,1177,429.045628897,0.987605599288,1,3,2,1,1,1,1,0.559322033898,547.021161721,156.738470643,156.343437943,0,1,1093,1781,1538,258.155493855,0.996800873724,1,2,3,0,2,0,1,0.135593220339,322.398740467,122.098818813,77.6870955414,0,1,986,1712,1357,295.729246697,0.993724448015,1,3,2,2,2,1,2,0.491525423729,384.357887325,113.853957984,65.0705796021,0,1
sitting_down,704,1644,1124,361.373020346,0.992456266803,1,2,4,3,2,1,1,0.622641509434,453.361563177,171.69940032,108.721392524,0,1,857,1762,1298,398.664610716,0.994383946918,1,3,5,2,2,1,1,0.490566037736,523.025750031,147.678008184,75.3517375273,0,1,844,1683,1211,363.711218435,0.996687024621,1,2,3,2,1,1,1,0.547169811321,477.419692697,97.7726916663,86.9286852162,0,1
sitting_down,380,1613,1158,410.479835828,0.988540331742,1,3,5,3,2,2,1,0.524590163934,536.575593563,145.745994447,101.986721835,0,1,1044,1778,1508,300.271317154,0.996504125605,1,2,3,3,3,0,1,0.213114754098,376.965934634,121.890591734,87.5512715708,0,1,942,1687,1333,324.226674306,0.995598777106,1,3,5,3,2,2,2,0.459016393443,428.589415661,113.776474771,69.7482117376,0,1
sitting_down,738,1564,1213,317.99490947,0.991586495387,1,3,5,3,3,1,1,0.5,410.796560307,137.144210853,72.4772731898,0,1,922,1743,1352,374.537998127,0.994633373057,1,3,5,3,3,2,2,0.469696969697,490.273946378,141.819256316,88.1808730978,0,1,867,1653,1282,344.198353172,0.993686921527,1,3,5,2,3,1,1,0.484848484848,448.749214463,139.528425291,79.5844257789,0,1
sitting_down,280,1442,855,279.851657691,0.954343383077,1,2,3,2,3,1,1,0.862068965517,233.021276352,224.719203829,150.720765806,0,1,865,1762,1269,427.596546351,0.972296557727,1,3,2,0,2,0,0,0.551724137931,543.984451014,147.370370825,101.776011039,0,1,802,1601,1061,290.824816929,0.989356652626,1,2,5,2,3,1,0,0.672413793103,361.927384473,154.166574663,61.4640111259,0,1
sitting_down,816,1674,1193,369.248800105,0.997094407397,1,3,2,1,2,1,1,0.534482758621,481.001294854,108.081530173,106.059453116,0,1,866,1743,1284,406.963567747,0.994324040491,1,3,5,2,2,1,1,0.5,532.952433027,155.709253949,78.131967622,0,1,851,1702,1238,385.039159056,0.996340256799,1,3,5,2,3,1,0,0.51724137931,504.955164607,131.719613211,75.5492069241,0,1
sitting_down,569,1611,1190,373.478927004,0.984537605866,1,3,5,2,3,1,1,0.5,474.567240849,178.956842056,89.0929048628,0,1,888,1765,1423,383.989864067,0.994912910734,1,2,4,2,2,0,1,0.36,488.629851909,156.312095579,94.5384884836,0,1,871,1680,1306,355.40792315,0.995262811296,1,3,5,2,1,2,1,0.44,465.345585486,126.220211942,62.6609741685,0,1
sitting_only,1059,1176,1146,40.6682200238,0.993299968366,1,2,4,3,2,0,2,0.361963190184,46.5454915687,23.1062731933,14.5375456475,0,1,822,985,927,56.1374087017,0.995890881678,1,2,4,7,9,2,2,1.0,63.9897548159,32.7938181274,22.2950699275,1,2,944,1079,1036,47.0671245128,0.997031512227,1,2,4,4,4,0,2,1.0,54.9078202897,27.5823226839,18.406858269,0,1
sitting_only,1152,1164,1159,2.87567680894,0.927769147074,1,2,3,0,0,0,0,0.0,2.66015048027,1.92689350209,1.19490900949,1,0,974,995,989,4.56400422367,0.868825190816,1,2,8,0,1,0,1,1.0,3.75122522044,3.31028780475,1.38848734984,4,3,1063,1079,1074,3.65702245879,0.905278714986,1,2,3,0,0,0,0,1.0,3.16928330208,2.62518253417,1.25984778398,3,2
sitting_only,1154,1194,1176,11.9803028018,0.990839204672,1,2,4,4,1,0,1,0.0,13.2587080885,7.35982168943,3.41853882384,1,0,924,967,948,12.1758409564,0.984360960108,1,2,3,6,4,1,3,1.0,13.1885976991,7.91400861652,3.99916032298,1,0,1040,1080,1061,12.0341296974,0.989708579225,1,2,3,2,3,1,2,1.0,13.2184039767,7.59942734036,3.59673959061,1,0
sitting_only,1192,1206,1201,2.73555549914,0.941592897652,1,2,4,0,0,0,0,0.0,2.46712425838,1.64295149093,0.985371982809,2,1,1043,1079,1068,6.36129245253,0.895243562072,2,3,5,6,3,1,1,1.0,4.09462826975,3.63020287767,3.31468175518,4,3,1121,1139,1134,3.77115330134,0.893285637633,2,5,3,0,1,0,1,1.0,2.86111602945,2.04552862906,1.81415764673,3,2
sitting_only,1041,1081,1054,6.42950805971,0.927782605355,2,1,5,6,5,3,2,1.0,4.74579863471,4.25954833249,2.60080339458,3,2,691,727,708,8.64530662559,0.957618190323,1,3,4,4,5,3,2,1.0,8.80457676237,4.70613992845,3.95290171354,2,1,866,894,881,6.21335368055,0.949789024606,1,2,3,6,4,2,2,1.0,5.72515344264,3.74118917314,2.56171112976,4,3
sitting_only,1066,1075,1069,1.49050437381,0.866370648551,1,11,3,0,0,0,0,1.0,1.70321630909,0.415299391343,0.315154207545,3,3,725,734,732,1.39558774242,0.659291077549,1,2,3,0,0,0,0,1.0,0.926537358953,0.719611516529,0.564441652364,4,5,895,903,900,1.14523396582,0.707522715478,1,2,3,0,0,0,0,1.0,1.12105302626,0.451178332669,0.36484844992,6,6
sitting_only,1264,1290,1280,5.97902203256,0.991229912611,2,1,3,1,1,1,1,0.0,5.22489149603,4.71482168144,2.35567279849,2,1,517,573,554,12.0587727149,0.992961599433,2,1,3,2,3,0,1,1.0,11.2962409906,6.78555387969,6.13966905066,2,1,890,931,917,8.91961424985,0.993228754462,2,1,3,1,0,1,0,1.0,8.25518913263,5.70914364662,4.15828440613,2,1
sitting_only,1340,1406,1387,15.7994638932,0.964112831393,2,4,1,7,4,1,1,0.0,12.1018122322,8.9596671857,8.83400504298,2,3,1283,1431,1338,37.6595649256,0.976396757926,1,2,3,4,4,0,1,0.0,38.3975028114,21.9608701685,19.8317798324,3,3,1329,1417,1362,18.4587015484,0.968726880309,1,4,3,6,5,1,2,0.0,15.1985419682,12.6775042468,10.4820403532,3,3
sitting_only,1058,1130,1091,14.9384709497,0.765651125236,3,1,6,8,7,3,2,1.0,8.8662923603,7.92686020051,7.52035922888,7,7,953,1127,1028,41.6579400207,0.690675089777,15,16,14,9,8,1,2,1.0,25.422784039,18.2235367017,17.7552845856,9,8,1025,1116,1059,19.8394010798,0.745423693864,15,1,16,8,8,2,2,1.0,12.592827365,9.50516860624,9.49145443045,9,8
sitting_only,956,1047,1007,14.6574335157,0.96168876595,1,2,4,3,2,1,0,1.0,16.6883620326,6.85534318444,4.12094712759,0,1,613,688,632,17.0470942498,0.957046825005,1,3,2,3,2,2,0,1.0,20.6495223102,7.08812903689,5.14075036696,1,1,804,863,819,14.7058893208,0.966260052029,1,2,3,3,3,2,0,1.0,18.4699874696,5.8112817521,4.26030026966,0,1
jumping,1156,1875,1633,213.957848519,0.852718273107,22,11,23,21,20,1,10,0.0,159.553767882,144.171470824,108.061764002,14,14,468,1755,1214,326.463839887,0.863538180358,11,2,6,12,15,6,9,0.40562248996,276.531877303,139.20788699,105.388886062,12,12,944,1737,1423,236.738824662,0.895117461697,11,22,23,15,18,3,10,0.176706827309,209.037032708,107.614963792,85.1924236171,10,10
jumping,1010,1854,1594,213.128088077,0.849167218008,11,21,37,30,24,10,10,0.037296037296,88.4876019394,85.5742295216,84.3888365106,21,21,700,1767,1474,335.603155967,0.936245178144,11,12,10,20,26,0,10,0.216783216783,271.414298066,184.232447815,143.197664031,10,10,896,1772,1534,240.682717173,0.924339351944,11,12,21,25,27,0,10,0.118881118881,177.888028448,110.209708141,103.244693585,10,10
jumping,958,1864,1595,229.714694678,0.822564407704,23,22,25,23,23,4,11,0.0271084337349,120.729050109,108.476128847,95.8963954458,17,17,581,1790,1368,346.026647048,0.914786213833,12,11,10,12,19,7,11,0.313253012048,259.963409497,221.20026253,125.887245186,10,10,902,1761,1481,240.169852913,0.908825913084,12,11,10,21,20,1,10,0.126506024096,163.861241869,137.030084595,81.3740834659,11,11
jumping,745,1866,1586,272.24927963,0.863887977897,22,23,1,20,19,0,10,0.0445344129555,161.457713826,128.69740895,114.850654659,13,13,541,1755,1249,323.250635792,0.878784695305,11,2,3,16,19,4,7,0.404858299595,219.291696759,168.086971468,156.171925092,10,10,935,1772,1417,237.340087239,0.877011248827,11,22,23,17,17,7,8,0.153846153846,161.039072876,121.950269132,110.414677729,15,15
jumping,513,1853,1549,278.796694401,0.844726744558,23,21,5,21,22,1,11,0.0720720720721,126.924134294,104.567872977,101.251376366,13,13,796,1795,1426,327.512398237,0.895064602139,11,10,12,18,21,2,10,0.246246246246,294.897288395,156.764365491,132.17420104,11,11,889,1751,1487,253.391777347,0.889928089959,11,12,21,20,22,0,11,0.123123123123,173.908506789,102.591121691,85.0551511184,13,13
jumping,1030,1867,1593,237.488802618,0.838365746814,22,11,23,20,21,6,9,0.00803212851406,232.521142949,150.268882161,68.5277472009,16,16,610,1779,1249,352.404036462,0.877783908712,11,1,22,14,18,6,9,0.373493975904,317.222977467,154.023461602,135.303217022,13,13,925,1798,1421,255.656562767,0.89320194367,11,22,1,18,20,9,10,0.192771084337,233.769437723,174.731967805,94.1808231684,11,11
jumping,478,1866,1602,260.428717159,0.808652406227,21,22,16,18,20,1,10,0.0307692307692,175.317411456,88.8033299279,81.9101248909,13,13,633,1776,1321,364.431774933,0.894321052412,11,10,3,11,15,7,9,0.361538461538,239.512646328,227.497010909,176.385421484,9,9,904,1768,1461,257.2000744,0.884864895739,11,10,21,14,16,4,11,0.146153846154,150.02148209,143.691852956,118.689374271,11,11
jumping,838,1867,1608,238.896256188,0.835716440918,11,21,24,22,22,4,10,0.026936026936,127.496936914,109.612145998,109.086359145,14,14,576,1778,1271,382.179210893,0.895085101604,11,12,10,17,15,8,10,0.350168350168,323.847621338,173.204798682,168.723686692,13,13,828,1737,1439,277.427531972,0.906623645595,11,12,10,14,19,1,10,0.185185185185,225.270438388,126.658751371,112.528169973,11,11
jumping,1000,1859,1610,243.37312738,0.825887920293,23,12,11,20,23,2,10,0.0218181818182,185.413383071,158.366046275,118.113120851,12,12,534,1753,1252,373.982244477,0.885389514265,12,1,2,13,18,6,8,0.403636363636,246.527463058,220.351187413,200.074789764,9,9,851,1768,1431,270.603910649,0.899811957214,12,11,23,13,20,2,10,0.181818181818,202.445552812,145.500513917,133.850068791,12,12
jumping,911,1864,1620,226.468683619,0.825894827224,24,12,23,23,21,5,10,0.00353356890459,146.191902944,145.237879421,128.745170533,14,13,614,1783,1295,329.433462251,0.894295063686,12,1,11,16,19,7,8,0.339222614841,245.156060125,182.628936462,168.782408027,10,10,900,1781,1457,236.652197075,0.897258275008,12,11,24,16,19,9,10,0.141342756184,195.154198298,114.315816396,99.6267712418,11,11
walking,221,1828,1296,527.294382906,0.90789651563,13,12,1,10,13,0,10,0.378676470588,460.11157603,411.514500685,167.950452506,10,10,630,1793,1247,386.835287741,0.918263357572,12,13,1,12,12,10,9,0.419117647059,281.452698653,259.537402901,177.134496499,10,10,566,1725,1271,399.771758422,0.939526984828,13,12,1,13,15,3,10,0.375,317.865721732,302.22332122,171.385429308,10,10
walking,277,1818,1297,519.844309247,0.912614824251,12,13,2,12,13,0,10,0.371212121212,488.077561207,357.512447227,157.14084722,10,10,338,1765,1083,428.711893419,0.901602376435,12,13,1,13,12,11,10,0.545454545455,335.521025812,242.974959099,157.795594847,10,10,407,1702,1189,415.163274237,0.927159466368,12,13,2,14,16,9,10,0.409090909091,360.352966663,257.988292251,150.710328056,10,10
walking,337,1828,1452,400.217808693,0.936874533119,1,26,27,20,20,0,10,0.185512367491,267.780453418,267.174644541,230.557783026,10,10,380,1828,1300,391.917643264,0.930089430721,1,26,27,21,19,9,10,0.252650176678,322.894313045,208.744516098,185.731628014,11,11,398,1706,1376,358.891731471,0.955212109565,1,26,27,19,17,0,10,0.197879858657,294.236341493,209.23669404,184.349598508,10,10
walking,214,1829,1305,534.282192637,0.912021208761,13,12,2,12,13,0,10,0.372693726937,461.232825144,392.858780469,184.565003354,10,10,638,1798,1210,377.045795075,0.90826513077,13,12,1,12,12,11,9,0.435424354244,280.328855302,275.14041638,156.589330071,10,10,559,1725,1257,396.763507653,0.937643085708,13,12,1,12,12,8,10,0.380073800738,326.619739232,289.869140569,156.705466431,10,10
walking,197,1807,1301,462.009570751,0.895616691918,12,13,37,12,14,2,9,0.37037037037,411.331277702,348.307218707,138.049349569,10,10,383,1774,1144,509.502750009,0.926013311465,12,13,1,12,12,12,10,0.488888888889,435.386317467,324.880989119,224.098891219,10,10,507,1702,1222,425.156679725,0.943526819967,12,13,1,14,13,6,10,0.411111111111,371.702783124,297.7888595,175.998679272,10,10
walking,307,1822,1304,439.0457713,0.876204143883,13,11,14,11,12,8,9,0.370517928287,329.798461177,286.542678247,216.678477237,11,11,478,1770,1139,472.363641061,0.904149335083,13,11,12,11,11,11,10,0.521912350598,317.835347433,278.500073968,222.875015258,11,11,541,1704,1221,394.918374642,0.919920846814,13,11,12,11,12,7,11,0.398406374502,278.278833129,253.763978558,194.768737874,11,11
walking,241,1831,1240,528.682958192,0.907502973897,12,13,9,10,12,6,10,0.403846153846,588.733839678,233.542204834,149.254949538,10,10,553,1792,1182,431.168875203,0.918670100454,12,1,2,13,11,11,9,0.488461538462,385.759207055,193.313217596,150.398616733,10,10,495,1725,1211,411.203443037,0.936310772998,12,13,1,12,13,7,10,0.415384615385,426.340864602,170.669577184,146.331806973,10,10
walking,190,1827,1305,528.973749054,0.910040953902,13,12,1,11,13,0,10,0.364620938628,540.560693221,284.569692629,166.034582609,10,10,519,1782,1187,428.981837821,0.918878353544,13,12,1,12,13,12,10,0.469314079422,355.78184249,212.157928684,204.105209225,10,10,422,1714,1246,419.192424793,0.940960624464,13,12,1,13,14,5,10,0.375451263538,392.16004552,212.52505236,184.454826968,10,10
walking,218,1829,1224,553.756379807,0.898654377284,12,11,10,12,12,10,10,0.433070866142,531.19632877,371.852522902,201.446606375,10,11,605,1797,1179,410.56580724,0.912184593473,12,11,1,11,13,11,8,0.488188976378,317.495690647,252.585248196,154.846036903,10,10,554,1732,1202,400.358676398,0.927949435282,12,11,10,11,12,11,10,0.437007874016,361.906694243,288.398075492,169.309883282,10,11
walking,255,1821,1399,482.630820183,0.928228893349,21,20,1,16,15,0,11,0.256696428571,344.512689515,339.569972588,320.17029642,11,11,293,1827,1203,460.979188044,0.932624642452,1,20,21,17,16,10,11,0.375,372.817724005,271.968460178,241.248660296,11,11,364,1712,1301,425.880949361,0.951142040828,1,20,21,15,22,0,11,0.28125,345.306166262,271.160985043,261.410167911,11,11
standing_only,1654,1668,1662,2.44984754575,0.973208547305,3,1,2,0,0,0,0,0.0,1.64162983202,1.63213561657,1.21129440586,8,8,1721,1737,1734,2.82453696023,0.985733402256,1,2,4,0,1,0,1,0.0,1.90623749342,1.60958102952,1.46175007829,2,1,1687,1701,1698,2.33177402133,0.978797995615,1,3,2,0,0,0,0,0.0,1.52104808495,1.30087204532,1.27426341866,1,1
standing_only,1359,1648,1594,63.7882085311,0.997677793842,3,4,1,7,6,0,1,0.0,49.6999485804,41.1602522165,38.1895206465,2,2,1561,1733,1694,38.0543194783,0.998185878091,2,3,1,2,6,0,2,0.0,28.5212872329,28.1865449803,24.76950643,1,2,1462,1690,1644,49.6450906024,0.998184302683,3,2,1,1,1,0,1,0.0,37.9706817002,32.3915040591,31.0056155478,2,3
standing_only,1512,1686,1652,38.0417660026,0.998196372826,1,2,6,5,4,0,2,0.0,32.343684613,22.2870646417,19.170547107,3,2,1668,1740,1719,13.5405805879,0.994085227586,1,4,5,3,3,0,1,0.0,10.8803507891,7.86055029429,5.47850714797,3,3,1590,1699,1685,20.2049948785,0.996668528855,1,6,5,5,6,0,2,0.0,15.9818335297,9.81385649249,9.03964840991,2,1
standing_only,1675,1705,1682,8.00123089418,0.99476708662,1,2,4,1,0,1,0,0.0,7.34487445044,6.23548838949,3.15192563518,1,2,1708,1738,1733,7.547329441,0.996680431838,1,2,3,0,1,0,1,0.0,6.34063966888,5.01490563547,3.78575606702,1,0,1705,1710,1707,1.19655118879,0.902204579336,1,2,7,0,0,0,0,0.0,0.858805273188,0.692000547992,0.558529360721,5,4
standing_only,1619,1667,1645,12.5191806451,0.993273531579,1,3,5,8,5,5,1,0.0,12.6467019201,6.74748031384,6.38691708283,5,4,1600,1717,1683,34.8564156736,0.996836151981,1,2,6,5,6,0,3,0.0,40.0736203416,23.40662867,7.91873959432,2,2,1617,1687,1664,21.6125749064,0.99712934476,1,2,3,8,5,1,3,0.0,26.0326239779,11.4389859832,6.15449163662,2,2
standing_only,1523,1718,1676,56.9278847133,0.996413533588,1,2,3,3,1,0,1,0.0,65.2640244423,38.8000148154,19.5809692845,1,1,1646,1734,1691,26.7783562935,0.998321656842,1,2,3,1,2,0,1,0.0,34.7069527633,13.9050202907,3.46887762731,1,1,1628,1704,1683,18.4137044371,0.993467267028,1,2,3,1,1,0,1,0.0,17.0946006709,15.6765045745,8.47085739959,2,2
standing_only,1473,1635,1581,34.0471346559,0.998008430099,1,2,3,4,3,2,2,0.0,37.5017785855,16.9201015694,12.8145185898,1,0,1651,1711,1694,11.9289859166,0.993895320143,1,3,2,3,3,0,2,0.0,10.9067410531,6.13502440017,5.61006824091,2,1,1562,1673,1637,22.4825583304,0.997781877638,1,2,3,2,3,1,1,0.0,23.944925604,11.2117958364,9.32441982389,1,0
standing_only,1650,1666,1657,4.46192338914,0.989377445518,1,3,7,0,0,0,0,0.0,4.85005214564,2.46096356572,1.25807362471,2,1,1731,1735,1733,1.28869047505,0.932871815038,1,2,4,0,0,0,0,0.0,1.53574642964,0.734305346697,0.277562156899,3,2,1691,1700,1695,2.60052045013,0.979074366522,1,3,8,0,0,0,0,0.0,3.10301441119,1.20507564908,0.623397538712,2,1
standing_only,1474,1695,1661,40.8031724174,0.998615725733,1,2,3,3,3,0,1,0.0,27.2120803317,24.3616308305,23.8698881924,2,1,1637,1775,1722,25.8432655753,0.986720004749,2,1,6,2,1,1,0,0.0,25.1722160716,17.0823405335,10.4453861426,2,3,1612,1714,1691,17.8538353964,0.985844797316,4,3,1,7,3,1,0,0.0,12.7658344515,10.4897178437,9.68976573505,2,1
standing_only,1596,1684,1664,30.9861546363,0.99893911551,1,2,3,0,1,0,1,0.0,31.2555645861,23.7553427103,14.0896758286,1,0,1703,1724,1716,4.79529131446,0.986228622488,1,3,4,0,1,0,1,0.0,4.65408285639,2.65162913931,2.4960847656,2,1,1651,1703,1690,16.1522310852,0.998463078271,1,2,3,2,0,0,0,0.0,16.2765202923,11.7042563087,7.18718697671,1,0
standing_up,660,1666,1273,328.294698556,0.992996075285,1,3,5,3,3,2,1,0.510416666667,399.255309014,174.236708499,103.222760955,1,0,901,1722,1430,233.115896283,0.988616130606,1,3,5,3,3,2,1,0.0625,285.837518256,104.791148302,75.9945303884,1,0,787,1643,1351,275.262663469,0.993668508513,1,3,5,3,2,1,1,0.479166666667,341.991605768,136.09702187,85.2859960012,1,0
standing_up,805,1604,1243,310.290075726,0.993728597643,1,3,5,3,3,0,1,0.473684210526,408.399579265,102.026736497,52.9358527493,1,0,1200,1733,1478,218.201804172,0.994937504723,1,3,2,2,3,1,2,0.0,277.301811486,76.2369562186,71.1524763282,1,0,1003,1632,1360,257.956921973,0.995095170959,1,3,4,2,2,0,1,0.421052631579,336.247132009,87.9793890028,48.0136369428,1,0
standing_up,756,1707,1278,349.811114492,0.995256849505,1,3,2,3,2,2,1,0.521126760563,449.712234933,158.133647132,64.0999392155,1,0,1108,1734,1330,183.648020832,0.982727140919,1,3,2,4,4,1,2,0.197183098592,210.393204929,98.8518211858,71.2454092222,1,0,937,1634,1304,248.235370745,0.993819131666,1,3,5,2,3,2,1,0.464788732394,313.464449013,126.902716463,52.0525350579,1,0
standing_up,574,1689,1239,440.562220631,0.99514643412,1,3,5,3,2,1,1,0.453488372093,567.793878182,180.404616164,83.4062505303,1,0,1066,1740,1452,190.80014138,0.990625671034,1,2,4,4,4,2,2,0.046511627907,228.202127694,96.2848119402,78.1911305427,1,0,891,1654,1345,297.254532823,0.996990584186,1,3,2,2,2,0,1,0.418604651163,386.406421737,100.893126301,70.7426373718,1,0
standing_up,777,1706,1283,370.370173251,0.995227194767,1,3,5,4,2,1,1,0.480519480519,478.517423236,144.2946052,83.7167172456,1,0,1058,1731,1437,167.576889881,0.982275201658,1,2,3,2,2,1,0,0.038961038961,187.45123377,97.0066317045,70.2200766408,2,1,917,1650,1360,252.544150768,0.993787563818,1,3,4,2,3,2,1,0.428571428571,322.3520037,106.730778328,52.7780572715,1,0
standing_up,727,1691,1363,374.329154033,0.991040533897,1,2,4,2,1,0,1,0.364485981308,471.462423521,146.562630047,117.517773874,1,0,1193,1744,1480,165.044586726,0.984588766378,1,2,5,4,5,2,2,0.0,177.252219293,108.099911381,65.7867542376,2,1,985,1649,1421,254.177203556,0.993141721823,1,2,4,4,5,0,1,0.308411214953,316.511796333,121.045543466,63.5767731249,1,0
standing_up,878,1600,1211,285.242197225,0.987729670048,1,2,5,3,3,0,1,0.558558558559,353.795207418,100.78462487,83.0271070687,2,1,1282,1720,1496,181.658624982,0.997753916392,1,3,5,4,5,2,3,0.0,236.013212464,78.6403498595,36.1992875675,1,0,1080,1639,1353,227.305528755,0.993854967586,1,3,5,3,3,1,1,0.468468468468,290.812928542,75.914073896,59.3846002361,1,0
standing_up,878,1573,1241,266.961661719,0.992619977014,1,3,4,3,3,0,1,0.443181818182,341.963872546,87.3102460819,73.0694673252,1,0,1092,1732,1460,280.199242169,0.996290599086,1,3,2,3,3,0,2,0.363636363636,359.119520408,94.2990420965,80.002710317,1,0,990,1631,1350,268.505544292,0.995259804145,1,3,4,3,2,1,1,0.420454545455,345.320801661,89.2816208472,70.6383926014,1,0
standing_up,701,1650,1222,331.14329886,0.97655030708,1,2,3,5,4,2,1,0.516853932584,420.640437204,81.3567940678,79.8178253658,2,1,1146,1747,1463,227.904532918,0.99523015885,1,3,2,3,4,2,2,0.0,281.72935936,94.7096771883,85.2254289665,1,0,1027,1635,1342,263.100587354,0.98952811228,1,3,4,3,4,1,2,0.415730337079,338.503785563,81.7585061377,59.6922521696,1,0
standing_up,849,1699,1280,312.672955119,0.990291464435,1,3,5,3,4,0,1,0.493333333333,399.658447075,126.679896114,61.0990808979,1,0,1203,1735,1437,177.62217823,0.987775353984,1,2,3,4,4,2,1,0.0,219.915706767,78.1824433371,55.6969544802,1,1,1028,1625,1358,225.59231726,0.990937030659,1,3,5,2,5,1,1,0.266666666667,291.981185655,89.5915361371,47.1222466419,1,0
squatting,104,1582,1221,333.432085016,0.940104817925,12,3,14,16,12,2,7,0.396341463415,320.950016871,100.521458327,92.5796644933,11,11,938,1740,1512,177.42882002,0.931840079612,24,7,8,20,22,7,5,0.0335365853659,89.6998332264,80.8476497901,73.82054409,14,15,714,1648,1366,165.922002327,0.932823545779,12,24,7,21,16,7,6,0.0762195121951,127.538395663,82.9155232596,52.9003501471,13,14
squatting,156,1762,1454,352.003145039,0.936523773168,13,14,1,13,14,0,6,0.144736842105,314.432828255,136.492842054,118.949009579,11,11,1301,1738,1597,102.695397061,0.93970249196,13,14,2,16,15,3,9,0.0,71.7613451725,51.280331612,42.9629982911,11,12,913,1678,1525,153.918142533,0.925858427609,13,1,7,17,14,0,5,0.0361842105263,121.571110328,68.1105934787,58.9986912558,12,12
squatting,885,1723,1538,176.052662715,0.924776182448,11,1,2,15,12,1,4,0.0481927710843,157.536392645,77.9226470211,61.7019814283,11,11,1131,1743,1506,139.074073879,0.853619097018,22,11,3,15,17,9,6,0.0,86.8742057429,86.8664693409,46.369118765,13,14,1281,1680,1522,85.1903605006,0.869241083775,11,22,10,16,15,3,4,0.0,44.8069618754,41.3456454827,31.7802532515,14,15
squatting,196,1681,1198,320.218599859,0.941781553365,12,13,1,19,18,3,9,0.431547619048,245.879675138,171.672734928,134.39230483,11,11,1263,1743,1587,105.317573135,0.892040197689,24,12,11,19,22,9,7,0.0,60.852611058,58.3652772976,40.8206553343,17,18,920,1688,1392,145.029608002,0.93063788818,12,13,24,21,17,1,11,0.0386904761905,95.2181002509,77.0632173953,73.4893006835,12,12
squatting,374,1740,1492,229.440001121,0.928512743219,15,1,14,21,18,2,5,0.0767045454545,174.866540092,93.3803942801,86.5611146425,11,11,1226,1726,1510,106.281474504,0.875371163222,14,4,15,18,21,10,3,0.0,58.5627515152,52.1560252248,43.207740363,14,14,906,1652,1501,103.874000609,0.90471992782,15,29,1,25,19,3,8,0.0113636363636,65.829362695,48.0361116228,36.2612547227,17,17
squatting,377,1762,1468,234.358823786,0.889352215444,11,10,14,14,12,3,6,0.062015503876,131.820269601,116.695849732,106.447774498,12,12,792,1731,1502,165.275573055,0.872635025762,11,10,22,15,18,9,7,0.015503875969,101.208557085,75.4510453215,69.2875728199,14,14,672,1702,1485,133.408913615,0.867972708141,14,22,15,16,15,1,3,0.015503875969,63.7045164329,62.1898220725,56.9711737328,16,16
squatting,1088,1715,1548,132.936420756,0.933654074987,11,14,22,17,14,5,9,0.0,109.84204915,55.4477541855,54.3580503272,12,12,1193,1719,1568,96.2110880359,0.914349253744,22,14,5,19,21,7,8,0.0,62.9068994706,40.8157090767,35.7470154607,12,13,1335,1652,1557,65.7877007064,0.905451018963,22,11,33,21,18,11,8,0.0,43.1349503733,41.2471441603,27.0865472949,17,18
squatting,236,1738,1416,306.773806488,0.891262444733,12,4,16,20,13,1,5,0.124555160142,280.751622492,105.405137074,84.1400598105,11,11,970,1744,1581,135.681169738,0.827163885278,12,1,4,18,16,6,5,0.0,93.1530925731,46.0561614211,45.5995732346,11,12,787,1704,1498,142.119846165,0.848121918697,12,16,14,23,13,3,4,0.017793594306,94.6679346495,49.5357809609,45.0877353962,14,15
squatting,295,1658,1198,271.948025126,0.945951626868,1,12,13,21,14,5,9,0.402985074627,222.204476583,193.965143529,76.9662411216,10,9,1144,1766,1570,120.28499722,0.893543971617,24,4,8,21,21,8,9,0.0,79.4335062826,48.4927094255,45.0391811957,16,17,936,1622,1384,134.912519471,0.942097140071,1,12,24,21,20,5,10,0.0298507462687,108.149343295,89.8306427539,56.1860084327,11,12
squatting,368,1730,1468,257.897754597,0.902437134121,12,5,13,19,13,0,5,0.0794701986755,240.552612082,77.2239635007,70.2334491197,12,11,596,1736,1541,180.273380784,0.955287303195,3,6,2,20,18,2,1,0.0198675496689,85.806170113,72.8065393892,71.833850569,12,12,489,1685,1504,150.222367286,0.91982758034,12,6,24,23,16,2,4,0.0132450331126,104.476687625,58.5949128849,54.5262401227,14,14
squatting,135,1661,1241,303.518936549,0.952769129318,12,1,13,18,13,2,6,0.343465045593,274.389541853,149.812919734,137.179035286,10,10,1018,1739,1534,150.00516183,0.89046358964,24,11,8,20,23,10,9,0.0151975683891,116.458904418,55.5376452573,53.0059065161,16,17,857,1621,1387,152.261085326,0.938196980818,12,24,1,23,20,6,9,0.0668693009119,115.905908379,94.7097615069,83.7503289827,15,15
sitting_down,226,1742,981,413.719429999,0.941216388843,1,4,5,3,3,1,2,0.757894736842,326.337249267,298.121103874,218.528098877,1,2,627,1773,1188,360.061697601,0.929331763821,1,3,4,4,4,2,2,0.6,323.989378356,223.073012201,142.022371856,1,2,566,1720,1084,362.153504329,0.952740688098,1,4,3,4,4,1,1,0.747368421053,317.102941252,217.717913033,202.409781495,2,3
sitting_down,587,1627,1269,349.739983135,0.995972055575,1,3,5,3,3,2,1,0.481481481481,437.261773616,184.091502868,70.9704561843,0,1,572,1661,1135,496.14897694,0.998003722154,1,3,5,3,4,2,2,0.481481481481,646.344912115,186.98953845,96.1262400447,0,1,670,1622,1202,416.057489037,0.997849830603,1,3,5,5,4,1,1,0.481481481481,537.709403041,185.025884877,83.5071945532,0,1
sitting_down,190,1789,1063,441.634886643,0.918496320422,1,3,2,4,5,2,1,0.708333333333,416.263630646,210.725969985,201.480374305,1,2,793,1763,1263,327.252754152,0.969884715937,1,3,4,4,2,2,1,0.53125,381.651357819,165.435778127,92.0921598728,1,2,740,1758,1163,359.472921929,0.961982379513,1,3,6,4,3,2,1,0.604166666667,393.319777706,187.017964103,130.281297979,1,2
sitting_down,670,1659,1157,437.601183787,0.99613431491,1,3,5,2,1,1,1,0.506329113924,576.572361171,158.970542917,70.8722037438,0,1,686,1701,1163,414.87792838,0.994930119186,1,3,5,3,4,1,2,0.46835443038,532.193196888,160.518399541,91.4679252327,0,1,694,1605,1160,417.888484299,0.996560913525,1,3,5,0,2,0,1,0.481012658228,548.259759469,155.923917828,80.4501613545,0,1
sitting_down,635,1544,1075,399.222681439,0.996875918798,1,3,2,2,2,1,1,0.552631578947,516.882285507,150.769824132,94.1859247246,0,1,711,1720,1217,461.993076247,0.997584408122,1,3,5,3,1,2,0,0.5,607.83839252,177.588523576,91.7569259281,0,1,693,1623,1146,425.793802797,0.997639518734,1,3,5,2,2,1,1,0.526315789474,559.340251584,160.739992335,75.7283293211,0,1
sitting_down,522,1815,1176,386.049338573,0.956896400333,1,2,6,4,4,1,2,0.654761904762,431.901714485,169.764902605,119.296996101,1,2,616,1729,1111,399.794009298,0.960123033992,1,3,4,4,4,2,1,0.595238095238,445.162039743,216.419803099,127.059997366,1,2,658,1744,1143,366.345898933,0.968633789225,1,3,6,3,4,2,1,0.630952380952,419.606532291,154.491215322,123.111532836,1,2
sitting_down,396,1597,1215,310.959856805,0.986777327208,1,3,2,3,4,2,1,0.5,352.950491253,163.739075583,151.037137055,0,1,598,1696,1117,472.655857016,0.997767334682,1,3,5,3,3,3,2,0.51,634.899363387,161.347433387,71.0111281042,0,1,604,1590,1165,359.581425793,0.996039595511,1,3,2,1,1,1,1,0.52,462.344131126,153.305814122,81.8135856464,0,1
sitting_down,492,1741,1024,443.604530857,0.990843645872,1,2,4,5,5,2,1,0.676470588235,518.642188122,285.885829501,109.363421597,0,1,691,1730,1389,203.889932063,0.930472731839,1,4,5,5,5,2,1,0.078431372549,153.426415491,121.781089896,110.866174161,1,2,645,1724,1206,294.035833795,0.984937079274,1,2,4,4,4,3,1,0.637254901961,333.663199828,188.246283102,97.7449979141,0,1
sitting_down,632,1598,1087,416.862216,0.996781767746,1,3,5,2,2,0,1,0.530864197531,545.012239357,149.647192425,85.3736932171,0,1,710,1709,1196,453.083985126,0.996220760935,1,3,5,2,2,1,1,0.506172839506,591.142813347,188.107161724,101.338006913,0,1,681,1623,1141,432.056355417,0.996823264982,1,3,5,3,2,2,1,0.518518518519,565.351014618,168.599730926,92.4897537825,0,1
sitting_down,502,1731,1042,447.99509277,0.970575543266,1,3,6,4,5,3,1,0.647058823529,512.833833145,153.927655955,145.295167163,1,2,595,1729,1216,288.818868302,0.944795114013,1,6,2,6,8,3,3,0.621848739496,235.037294644,153.605228141,140.461633577,2,3,595,1724,1129,352.039222978,0.967852619471,1,6,2,5,6,2,2,0.63025210084,373.545944659,149.415664917,120.826133256,1,2
sitting_down,555,1567,1076,335.062334064,0.997186170742,1,2,4,4,3,2,1,0.629310344828,400.160979659,195.216897275,98.0937626978,0,1,800,1730,1156,412.611713829,0.9988668348,1,2,4,2,2,2,0,0.612068965517,526.494369313,170.035509755,112.272299296,0,1,717,1633,1116,368.019141165,0.998483372219,1,2,4,3,2,3,1,0.620689655172,457.280467489,182.5886395,104.286088168,0,1
sitting_down,622,1613,1103,419.036674176,0.996611436724,1,3,5,3,3,1,2,0.52808988764,552.955215704,120.271376165,82.1743599601,0,1,713,1707,1199,434.039332831,0.997038137473,1,3,5,3,2,1,0,0.483146067416,563.717013364,182.611242031,95.4293060206,0,1,667,1612,1151,419.38756641,0.997313322464,1,3,5,2,2,1,1,0.505617977528,552.382094,149.718983551,88.7648795886,0,1
sitting_down,608,1648,1162,446.717524757,0.997477717677,1,3,5,2,4,0,2,0.461538461538,588.934265515,142.061862491,78.2010850811,0,1,745,1701,1264,403.02704294,0.99552595335,1,2,3,2,2,1,1,0.406593406593,500.344499827,168.094992325,139.807498963,0,1,693,1615,1212,416.228428388,0.997274495679,1,3,2,2,3,0,1,0.428571428571,538.653083513,137.734633242,105.904592019,0,1
sitting_down,506,1774,1101,301.142036348,0.904141700393,2,1,3,3,3,1,1,0.721518987342,248.128052603,193.267914662,134.786928812,1,1,499,1793,938,410.292865814,0.945000627417,1,2,5,3,4,2,0,0.696202531646,446.801719104,226.270491076,148.058237299,1,1,639,1733,1019,334.722875954,0.951787416466,1,2,5,3,4,2,1,0.708860759494,319.960652339,237.093838311,135.656551838,1,1
sitting_down,420,1750,1179,412.109334422,0.97612934524,1,3,4,3,5,1,1,0.591397849462,358.726963488,310.460956219,186.543131499,1,2,408,1740,1138,403.995300449,0.944951775467,1,3,2,4,4,3,2,0.591397849462,340.396873286,300.230438354,222.732535258,1,2,658,1713,1158,397.362203001,0.973514338213,1,3,2,4,4,2,2,0.591397849462,348.550626043,303.042568959,194.736019264,1,2
sitting_down,650,1636,1173,428.054262165,0.997838055813,1,3,4,4,2,2,2,0.46511627907,567.275969373,130.064745864,68.790178554,0,1,684,1709,1255,435.273840442,0.996876719041,1,3,2,1,4,1,2,0.418604651163,556.286236405,146.283942775,141.461929397,0,1,682,1630,1214,426.330561483,0.997693151395,1,3,2,2,1,0,1,0.441860465116,557.682737527,133.229025845,92.3260126819,0,1
sitting_down,553,1809,998,415.386342269,0.983463175741,1,2,8,3,4,2,0,0.701754385965,459.998866125,262.259060474,111.062791874,0,1,543,1702,903,376.016557989,0.971827163232,1,4,5,3,3,2,0,0.780701754386,357.089519488,210.002053751,162.466094476,1,2,582,1748,950,382.743633085,0.983738634466,1,2,4,3,3,2,0,0.763157894737,408.428350051,204.651126076,158.8803841,0,1
sitting_down,672,1792,1311,370.914453877,0.968024430525,1,3,5,3,5,1,2,0.521739130435,446.615892085,132.350905887,104.923672434,1,2,406,1680,1002,482.400452525,0.97182473283,1,4,5,4,5,2,1,0.547826086957,563.896195908,182.979164914,168.36577924,1,2,642,1722,1156,403.945335124,0.980600541009,1,5,7,7,5,2,3,0.547826086957,497.302204444,132.25595603,116.963925839,1,2
sitting_down,191,1764,916,436.748450068,0.958750821333,1,2,3,5,5,1,1,0.791666666667,371.06442654,258.455964098,193.487552701,1,2,615,1769,1146,333.491755484,0.963213521722,1,2,7,6,6,3,2,0.708333333333,336.674628714,194.949944727,150.312254498,1,2,629,1752,1031,359.270336227,0.97780726318,1,2,7,6,6,3,0,0.75,353.251222734,207.708607454,139.128748365,1,2
sitting_down,597,1678,1133,444.059454856,0.996230472866,1,3,2,5,3,3,1,0.516129032258,579.073674436,142.059647912,92.2840498969,0,1,719,1699,1169,398.986351686,0.995578893753,1,3,5,2,4,1,2,0.483870967742,512.813404983,175.920509927,89.7222785101,0,1,701,1601,1151,409.899453154,0.996394483287,1,3,5,3,3,1,1,0.494623655914,536.369881838,155.83303681,90.2018681307,0,1
sitting_only,731,1285,1045,131.397738222,0.989378798011,4,1,5,4,5,3,3,0.764705882353,98.7889273124,89.5500574146,71.0747089978,2,3,332,1416,1173,281.655661797,0.990463780351,1,3,4,7,7,0,2,0.339366515837,291.911731051,135.251785505,120.888848611,4,3,531,1267,1109,170.342632434,0.988665173536,1,4,3,7,7,0,2,0.380090497738,133.59992464,109.77900398,90.762711382,5,4
sitting_only,494,1284,1040,164.412535779,0.982128985613,1,6,5,15,16,1,4,0.768072289157,140.750471769,106.982021825,65.2963971875,7,7,421,1361,974,308.691894942,0.989633899294,1,5,3,12,14,2,6,0.578313253012,356.966299558,127.994830258,106.198390347,3,3,475,1319,1007,220.823515196,0.990994920877,1,5,6,12,13,0,6,0.629518072289,248.526568051,96.3064263587,95.8066502578,3,3
sitting_only,974,1156,1059,43.5476232444,0.993208347881,1,3,4,3,8,2,3,0.988130563798,32.2781932594,26.3833214021,22.9191775326,2,1,1198,1456,1418,46.7607895925,0.98969264692,1,2,3,7,8,0,4,0.0,38.215774589,31.5833903883,21.6240045234,2,2,1092,1298,1238,35.127865118,0.989960625957,2,3,4,9,6,4,2,0.0296735905045,24.1306531319,23.9892904154,18.6502366543,4,3
sitting_only,824,1211,1124,81.0985181568,0.995353352346,1,2,4,10,4,2,2,0.573604060914,60.3895313953,55.5269607535,41.3689448197,1,1,935,1462,1358,108.325447364,0.991355554008,1,3,9,6,6,0,3,0.0380710659898,107.390049681,37.2610065867,35.9177934976,2,1,888,1290,1241,70.947928229,0.990674091066,2,1,4,8,8,0,1,0.0507614213198,43.426957596,32.065412515,31.636844285,4,3
sitting_only,757,1243,1027,111.853836816,0.987068069178,1,3,7,6,7,1,4,0.868913857678,75.6225812895,71.7472728206,62.9020228745,5,4,462,1429,1150,276.361900071,0.981451608506,3,1,7,11,10,0,3,0.355805243446,215.691007327,136.082729268,131.624850617,4,3,661,1318,1088,181.453048567,0.985190102256,3,1,7,6,9,2,3,0.498127340824,132.741098976,105.726432537,96.9258278615,4,3
sitting_only,735,1235,1062,103.698685313,0.990404529313,2,6,9,10,10,4,3,0.801699716714,65.0593011407,58.8446347677,52.4964873316,5,5,342,1463,1258,244.554911502,0.989735592392,3,2,5,11,12,0,3,0.192634560907,164.842318933,134.457692505,113.685311238,5,5,538,1307,1160,156.688459451,0.990191502168,2,3,6,11,12,0,3,0.254957507082,95.6579300693,94.0058480433,69.5419720051,4,4
sitting_only,977,1235,1172,63.123692815,0.995166460658,2,4,1,9,8,0,2,0.151125401929,55.7798865163,36.2707882305,29.8753473494,2,2,898,1435,1293,137.219509002,0.996041526279,1,7,8,7,7,1,3,0.189710610932,173.477754499,34.6605107649,34.1142376192,1,1,1043,1308,1232,63.7836308517,0.99501040813,1,2,4,8,6,3,3,0.0739549839228,71.9975497339,34.2283331351,18.1533912354,1,2
sitting_only,456,1508,1062,193.21482195,0.965892155998,5,6,1,5,8,1,2,0.693693693694,128.033369595,118.121615176,103.582691603,3,3,336,1437,1197,290.264698257,0.975450896592,1,8,6,8,8,0,4,0.315315315315,248.937694696,129.768351428,112.933218019,3,4,777,1306,1129,154.853398432,0.978342162146,1,3,8,8,8,1,6,0.495495495495,161.634062431,53.9844341066,48.720254871,4,5
sitting_only,541,1459,1057,154.69693393,0.938717290915,5,7,14,11,15,3,6,0.762237762238,73.9761242324,66.7460894181,64.1295575361,6,7,276,1464,1196,304.627664664,0.959178673964,1,2,9,16,16,0,5,0.276223776224,307.972440493,137.810828533,93.297972736,6,6,662,1325,1126,166.799442716,0.957550117897,1,9,14,15,16,4,6,0.440559440559,173.307096697,72.4184106112,51.6277573165,6,6
sitting_only,788,1198,1047,80.8423245548,0.994453890261,2,1,3,7,7,1,1,0.847619047619,60.7103638324,59.623223842,57.3933440647,2,2,913,1446,1369,85.7703140524,0.981168864802,1,4,3,8,10,0,2,0.0333333333333,51.0732778,43.3247263738,42.3518022742,5,4,850,1274,1208,60.6420980672,0.988679889344,1,2,5,8,8,1,1,0.0857142857143,41.644700349,28.9128856535,24.1697540799,6,5
jumping,494,1822,1467,329.518545129,0.846823851718,25,13,38,22,20,0,11,0.151515151515,257.471231752,154.372592278,132.185281817,15,15,173,1762,1044,479.708447831,0.906510142719,12,1,13,17,15,7,10,0.56228956229,391.850904074,228.694294642,226.018251509,9,10,495,1702,1255,338.371916619,0.903010470921,12,13,25,19,15,3,10,0.309764309764,238.902295615,187.807489998,165.42634258,10,10
jumping,340,1798,1493,302.200032934,0.831711226697,23,24,35,20,21,0,11,0.124567474048,190.576562522,161.282529584,135.240404078,12,12,278,1725,1095,422.483504109,0.892421919011,12,11,10,13,12,8,10,0.543252595156,403.21283647,194.505583208,179.993989182,11,11,564,1658,1294,303.406697072,0.893929954792,12,11,23,16,12,4,10,0.252595155709,265.442733336,127.86368556,109.535888069,12,12
jumping,270,1816,1521,334.067907778,0.871848816385,25,13,38,21,22,0,10,0.139682539683,264.886259739,143.524897632,134.743336625,14,14,277,1752,1050,438.188300779,0.910556516267,13,12,6,13,13,9,8,0.628571428571,312.14963338,304.577276317,171.195715223,11,12,542,1699,1285,315.563084997,0.911363379241,13,12,25,15,13,3,10,0.244444444444,227.576931147,198.16327119,121.457856634,11,11
jumping,153,1813,1423,419.172034188,0.873535823246,23,24,35,22,18,0,10,0.206293706294,223.450891623,196.086775878,162.945679308,12,12,197,1743,1041,470.754010808,0.890868784343,12,11,3,13,14,9,8,0.562937062937,401.008854891,273.044391975,182.166356603,10,10,369,1657,1232,358.133312785,0.9003715883,12,11,2,15,14,1,10,0.300699300699,280.019265936,179.757569276,131.560469658,11,11
jumping,180,1805,1465,365.81291029,0.869254361059,24,23,12,22,21,0,11,0.168965517241,230.097238534,197.033218031,147.553652929,12,12,224,1750,1061,423.653565841,0.896846716705,12,11,1,13,15,8,8,0.610344827586,407.432487738,190.994613915,137.56601806,12,12,506,1684,1263,322.386561742,0.900622904557,12,11,23,15,13,5,10,0.275862068966,277.494820261,124.286094555,119.504630072,13,13
jumping,582,1836,1545,327.119560625,0.857357944292,24,12,36,21,19,0,10,0.131672597865,254.720700557,243.464105545,144.832303888,11,11,159,1731,878,480.85350134,0.876036366374,12,1,2,18,17,7,10,0.708185053381,316.49544751,289.320422295,220.770442125,12,12,453,1684,1211,352.846981536,0.896277296486,12,24,1,19,15,6,10,0.334519572954,278.066380341,196.62985715,165.192447928,13,13
jumping,459,1834,1499,340.423769991,0.846375623096,25,24,12,22,21,0,12,0.144781144781,224.532896237,176.647455052,160.514062529,12,12,234,1764,1041,444.136195539,0.887615548797,12,13,6,15,14,10,9,0.599326599327,416.731858848,189.581551258,178.261786215,10,10,399,1706,1270,333.130311565,0.896069624582,12,25,13,17,15,5,10,0.259259259259,288.07027201,153.627195387,153.248240752,13,13
jumping,551,1818,1523,326.746979272,0.868654347296,24,12,23,22,21,0,10,0.13058419244,251.369267518,232.879883971,133.481994622,12,12,166,1766,780,409.57479168,0.887234351296,12,3,2,17,15,6,7,0.85910652921,288.913611578,216.93424952,145.439826686,13,14,435,1702,1151,309.911325995,0.899765134157,12,24,3,17,13,5,10,0.347079037801,260.89547102,145.922650256,112.537949739,16,16
jumping,239,1822,1512,341.584091533,0.852530709125,25,13,12,21,19,0,10,0.142857142857,201.865437367,143.261647762,135.022535118,15,15,132,1741,802,452.590504012,0.889071397301,12,6,1,15,17,6,8,0.797342192691,364.175338521,209.977177767,197.630068063,10,11,400,1685,1157,320.732291911,0.892244283514,12,25,13,16,15,6,10,0.388704318937,249.585311371,125.761338668,121.067620735,11,12
jumping,603,1834,1549,328.617517334,0.872742739009,25,13,12,21,19,0,9,0.127795527157,238.415044029,174.701426369,173.245393497,13,13,188,1730,920,470.78159012,0.890850633455,12,1,13,19,18,11,9,0.654952076677,315.360825778,250.178393622,246.151296133,9,9,425,1695,1235,348.206951487,0.907986436682,12,13,25,19,16,4,10,0.297124600639,244.305614357,209.063054205,168.059502156,14,14
walking,224,1795,1102,557.688712983,0.900764910698,12,11,1,12,11,8,8,0.521126760563,637.771697262,185.038316829,162.167762421,11,11,205,1833,1173,492.40579739,0.859964651417,12,24,3,11,11,11,6,0.469483568075,511.298486749,203.044974678,128.194585519,10,11,256,1691,1137,443.57479895,0.911648230711,12,11,2,12,11,6,10,0.455399061033,522.306819677,150.971098862,123.030260133,10,11
walking,254,1814,1176,543.142436436,0.933314622778,13,12,11,14,12,6,11,0.454198473282,601.389611523,267.030743742,177.10702141,11,11,155,1823,1114,541.561575099,0.892328669079,13,12,11,13,13,11,10,0.511450381679,492.271339206,285.056035525,203.660937558,11,11,211,1713,1145,490.640022974,0.934462211718,13,12,11,12,12,7,11,0.43893129771,514.430381046,253.172465585,176.13140974,11,11
walking,74,1816,1112,674.208159351,0.91563698181,12,13,11,12,13,1,10,0.452107279693,412.39205442,400.835392172,303.624156237,11,12,210,1827,1114,542.747659547,0.896644269449,12,11,13,11,11,10,8,0.513409961686,321.641708189,243.250022688,242.8480371,11,12,176,1721,1113,545.764915037,0.931306655994,12,13,11,13,13,8,11,0.459770114943,341.800999775,294.872635485,254.796691682,11,12
walking,353,1796,1209,519.65699083,0.908583810813,13,1,14,11,13,2,10,0.445833333333,508.654682283,205.671654668,197.142980923,11,11,174,1825,1164,535.006829218,0.884143909044,13,1,2,13,14,11,8,0.4625,494.896129054,219.370979453,190.062782337,11,11,312,1719,1186,477.004241782,0.92528445506,13,1,2,13,14,5,10,0.445833333333,467.735567083,209.782377564,174.788479764,11,11
walking,175,1790,1076,560.04442183,0.920086601715,12,13,11,12,12,11,10,0.520491803279,644.40645027,289.570764422,147.846191891,12,12,137,1822,1121,544.038258242,0.907288115525,12,13,5,11,12,11,8,0.495901639344,449.415408828,264.270406723,219.647111192,10,11,208,1683,1099,478.493333211,0.933472522394,12,13,8,12,12,10,10,0.475409836066,509.050183132,264.286553281,127.556941418,10,11
walking,278,1803,1172,565.16653731,0.922061954997,12,13,8,12,11,3,10,0.454954954955,589.37883442,216.723824824,202.923717364,10,10,140,1807,1022,554.043202585,0.86407590715,12,8,10,11,11,11,8,0.585585585586,476.616081663,276.702307859,201.427466058,10,11,230,1702,1096,492.804113036,0.914935267577,12,8,13,11,11,10,9,0.5,508.799512663,214.107471911,171.279396777,10,11
walking,323,1804,1116,535.852783021,0.923531377587,11,12,8,11,10,8,7,0.502283105023,595.887320317,248.277873001,138.602186537,11,12,96,1823,1085,578.376526653,0.90220594836,11,12,8,10,10,10,4,0.525114155251,529.438743194,212.824150403,205.597658109,9,10,261,1713,1100,489.959200483,0.930883870011,11,12,8,11,10,10,9,0.465753424658,521.424736257,220.538191192,169.638578993,9,10
walking,186,1810,1089,525.290300966,0.923214767963,12,11,9,11,11,9,8,0.533632286996,558.661251,245.850839677,240.626498558,11,12,203,1826,1148,553.654925591,0.887193208515,12,11,9,11,10,11,8,0.488789237668,502.678168099,304.601562248,232.929711118,10,11,196,1703,1119,476.395944449,0.924117927318,12,11,9,11,11,7,8,0.466367713004,494.434864306,249.028458259,213.35379798,10,11
walking,119,1812,1081,558.909113871,0.926096338538,12,13,4,12,13,8,11,0.519313304721,591.843592209,339.176930104,131.046452118,11,11,175,1830,1152,511.234415793,0.891147127762,12,13,25,12,12,12,7,0.49356223176,426.490733257,293.165000897,197.235960907,10,11,285,1688,1117,475.752645515,0.931384504394,12,13,5,11,12,6,11,0.472103004292,482.535628642,277.47731615,146.727535628,10,11
walking,155,1827,1132,592.015262475,0.923885089182,12,13,10,13,13,9,11,0.467213114754,568.616266153,348.000657459,176.05337546,11,11,184,1828,1120,540.08532452,0.888316116106,12,13,4,11,12,11,9,0.520491803279,496.038498953,250.921134169,171.578007786,11,11,202,1705,1126,505.504334955,0.928769626696,12,13,7,12,12,6,11,0.459016393443,494.540482135,276.36493401,146.493012271,11,11
standing_only,1130,1692,1458,208.622975672,0.999194368667,1,3,4,3,5,1,2,0.0151975683891,268.572248979,84.6765921937,46.8050145968,0,1,1047,1757,1650,130.078604622,0.993669019008,1,3,4,3,5,0,1,0.0303951367781,109.92120967,67.1174350761,57.3154576431,4,3,1328,1684,1554,102.431184563,0.996105759943,1,4,3,4,6,1,3,0.0,100.751621186,51.0284142545,46.3394970052,2,3
standing_only,1581,1604,1595,4.74220140301,0.990126873721,3,1,4,1,2,1,1,0.0,3.89493172474,3.73448130116,2.28743215444,3,3,1716,1724,1720,1.98640133456,0.974795303944,1,2,4,0,0,0,0,0.0,2.150197458,1.13676349684,0.534555469585,2,1,1651,1662,1657,2.20102795108,0.977934088837,3,1,4,0,0,0,0,0.0,2.05068120366,1.77768277605,0.875637762653,3,3
standing_only,1634,1639,1636,1.16332938091,0.905186045634,1,2,4,0,0,0,0,0.0,0.81849928214,0.717064409438,0.505345019087,6,6,1699,1710,1706,2.57401774774,0.982199814983,1,3,2,0,0,0,0,0.0,2.56628598392,1.22709923289,1.15879210049,1,0,1668,1674,1671,1.4595415099,0.959079543914,1,2,3,0,0,0,0,0.0,1.46393287406,0.898528284328,0.488921539016,1,0
standing_only,1487,1527,1517,9.38539084324,0.995405680784,1,2,3,1,1,0,1,0.0,8.11672863911,7.9277633387,4.69683917962,2,2,1743,1745,1744,0.811427220672,0.873656782997,1,2,5,0,0,0,0,0.0,0.883158707952,0.269700256785,0.228401648207,3,2,1616,1635,1630,4.58012829025,0.992177070483,1,2,3,0,1,0,1,0.0,3.98810748078,3.86686745726,2.32170434379,2,2
standing_only,1546,1615,1575,18.2070945097,0.997839207423,1,2,6,4,5,1,3,0.0,20.4353266604,10.9870530544,5.75894155792,0,1,1710,1743,1733,8.59258819502,0.997915932855,1,2,5,2,1,1,1,0.0,8.97653596641,5.30797842336,2.71905602875,1,0,1642,1664,1653,5.07941721675,0.990516638034,1,2,6,3,3,3,1,0.0,5.75506377826,2.80783629271,1.82341226943,1,2
standing_only,1492,1685,1611,68.782576625,0.999549404077,1,3,5,3,3,1,2,0.0,85.3265244746,33.3425425645,18.6082961239,0,1,1608,1743,1695,39.196511085,0.999473208806,1,3,5,4,1,1,0,0.0,48.1557951105,16.1686686806,9.57810075909,1,0,1617,1675,1653,16.10224086,0.998173423748,1,3,2,3,1,1,1,0.0,19.3605003049,8.91901942404,5.11094254021,1,1
standing_only,1519,1565,1540,12.2251006514,0.996793276423,1,3,5,2,2,0,0,0.0,15.234064278,4.44103205245,3.20707844957,0,1,1735,1751,1745,4.60108258321,0.995667552179,1,2,3,0,1,0,1,0.0,5.35166698434,2.12474979014,1.76667047513,1,0,1634,1650,1642,4.01619767317,0.989820898722,1,3,6,0,0,0,0,0.0,4.95057867218,1.34464840576,1.1138983174,1,1
standing_only,1381,1637,1561,71.3565707732,0.999841904174,1,2,3,3,3,0,0,0.0,75.6709888088,46.6596884608,24.8821336077,1,0,1714,1737,1726,6.05871589674,0.99481457042,1,2,3,0,2,0,1,0.0,6.58844970541,3.57039837204,2.54226076724,2,3,1555,1678,1643,32.9800185826,0.999765283336,1,2,3,3,3,0,1,0.0,34.6178757557,21.548181312,11.9396779158,1,0
standing_only,1560,1656,1615,22.6216347387,0.998236010471,1,3,4,3,3,2,0,0.0,26.6379223371,12.6448860933,6.18726459628,0,1,1618,1709,1683,22.2408380919,0.999266698964,1,3,2,2,0,0,0,0.0,26.3325018666,8.72768792792,7.79127581633,1,0,1633,1655,1649,5.9889966271,0.994316974546,2,4,3,0,1,0,1,0.0,5.99132799615,3.4700160969,2.48605820381,2,1
standing_only,1612,1632,1622,5.11394708424,0.99205956618,1,2,4,0,0,0,0,0.0,5.52314755393,3.17947905072,1.86778953566,2,2,1702,1713,1707,3.17060897184,0.990514640136,1,2,3,0,0,0,0,0.0,4.16237353576,0.899450642818,0.684390975902,1,1,1661,1667,1665,1.66971507767,0.962061948581,2,1,3,0,0,0,0,0.0,1.30929094735,0.999191145338,0.893721568553,4,3
standing_up,103,1704,1188,617.108879266,0.997458066283,1,2,4,5,6,0,2,0.381294964029,769.14613855,334.799366718,137.476702693,1,0,504,1743,1301,417.683298406,0.994125986778,1,2,3,5,7,1,3,0.280575539568,408.571287463,332.957927443,151.405537109,2,1,347,1633,1244,492.366162691,0.998032448527,1,2,4,6,4,0,2,0.309352517986,585.567326078,309.401631196,99.7437987037,1,0
standing_up,71,1614,1079,560.198665453,0.996833980734,1,3,5,6,6,0,2,0.463855421687,681.85125635,282.548177045,154.906648621,1,0,415,1739,1378,376.771371572,0.981983272038,1,2,4,4,6,0,3,0.39156626506,441.462176341,157.86443676,131.566500488,1,0,246,1645,1228,446.812923898,0.994819928063,1,3,4,5,6,0,3,0.439759036145,558.515776304,186.702337812,102.751347404,1,0
standing_up,73,1707,1314,479.805496473,0.993890122028,1,2,4,7,7,0,4,0.365517241379,571.803676666,215.39550077,191.616938285,1,0,788,1731,1410,224.415163633,0.977573448253,1,5,2,5,6,1,4,0.296551724138,209.26151101,116.607725925,113.101886636,2,1,443,1638,1362,323.856224992,0.992688110648,1,2,4,6,6,0,3,0.324137931034,390.239117078,137.940807059,108.393667829,1,0
standing_up,76,1700,1274,575.976880365,0.997264356393,1,2,4,6,7,0,4,0.32,681.593991662,350.114029118,157.149823641,1,0,706,1719,1394,225.440340088,0.961024955037,1,5,3,6,7,1,2,0.293333333333,186.615764817,115.391779357,114.142524798,2,1,391,1622,1334,367.353470305,0.993723923205,1,2,5,6,8,0,3,0.286666666667,433.970155586,205.609517767,108.002802999,2,1
standing_up,59,1692,1292,542.619314877,0.996180466442,1,2,4,5,4,0,2,0.327044025157,635.43786674,301.107912661,191.85436616,1,0,965,1722,1455,184.183820004,0.977732644026,1,2,5,6,7,2,2,0.0314465408805,170.131067893,126.725227909,77.5951540408,2,1,514,1635,1373,346.858928367,0.99569985005,1,2,5,5,6,0,2,0.308176100629,400.753794532,205.781671335,106.85468385,1,0
standing_up,431,1666,1374,409.503855654,0.996752452138,1,2,5,4,3,0,2,0.306748466258,478.279692942,259.009957472,111.629863569,1,0,1062,1727,1530,229.397463617,0.99494071819,1,2,3,6,6,0,3,0.220858895706,223.987485164,180.360895427,94.8802491766,1,0,752,1665,1452,307.707029458,0.997001917139,1,2,5,2,4,0,3,0.251533742331,348.579085598,209.497906263,80.1093739767,1,0
standing_up,200,1654,1116,447.839905164,0.993618924485,1,3,2,5,4,2,1,0.518072289157,553.42527851,212.856533703,131.835617944,1,1,313,1758,1270,530.821408951,0.996041332374,1,2,4,2,5,0,1,0.379518072289,634.354318239,242.317218317,198.457785424,1,0,295,1649,1193,452.974906154,0.996761669761,1,3,4,6,5,1,2,0.403614457831,593.910559338,159.522969028,98.760375972,1,1
standing_up,76,1679,1095,539.907341835,0.974699370989,1,3,8,6,4,2,2,0.532786885246,651.701688905,185.778992242,148.159532848,2,1,686,1731,1260,356.834273035,0.967411248779,1,6,4,5,5,1,4,0.467213114754,398.560462756,148.223111993,140.849314234,2,1,493,1639,1177,434.14181136,0.97356093837,1,6,8,5,5,2,2,0.508196721311,520.858725214,139.589187407,123.644785077,2,1
standing_up,160,1628,1058,404.159753548,0.989074471945,1,4,2,6,6,1,2,0.426966292135,452.456440615,208.252917235,197.217653818,1,0,649,1785,1442,404.08879367,0.996298468495,1,2,4,4,7,0,3,0.342696629213,483.640499632,194.886035844,129.218286493,1,0,586,1654,1250,379.514651573,0.995405146497,1,2,4,7,6,1,3,0.393258426966,464.298521722,159.051267973,146.829131825,1,0
standing_up,85,1687,1389,468.520372641,0.994908072592,1,2,5,4,4,0,1,0.263157894737,500.873360956,323.579772917,139.002741065,1,0,449,1724,1451,283.58256094,0.975222904621,1,2,3,4,6,0,2,0.217105263158,248.222715286,209.672573146,125.887007319,1,0,271,1655,1419,361.164075568,0.993090313759,1,2,3,3,3,0,1,0.236842105263,371.742966743,256.421792728,117.866379531,1,0
squatting,394,1703,1353,243.242101235,0.926306727249,11,12,3,14,13,7,6,0.174061433447,190.637529093,139.969590693,89.2380814184,11,11,1203,1748,1639,73.4209104713,0.897495383649,11,12,8,17,14,5,6,0.0,54.6582969571,33.9897899727,22.0507831453,10,11,1058,1637,1496,100.390148014,0.90404718093,11,12,3,14,16,4,5,0.0,68.1132553318,54.4681481928,37.7316961662,11,11
squatting,106,1681,1401,232.741284431,0.901507544097,11,13,12,20,20,3,3,0.0607902735562,151.065737891,85.6504180975,79.7522759853,16,16,695,1760,1597,140.899398495,0.85884089206,12,14,15,21,21,1,2,0.0212765957447,68.6294126351,57.4468237276,51.3262095583,13,13,425,1670,1499,159.174231651,0.896809026822,11,13,14,22,23,1,2,0.0364741641337,65.783724207,60.5883831751,53.8098640389,17,17
squatting,694,1708,1515,145.236806887,0.895320339922,13,6,23,22,23,7,6,0.0194444444444,86.5180941997,57.3896558979,45.9264208536,13,14,907,1757,1562,141.462697497,0.898875229563,13,8,12,21,21,4,9,0.00833333333333,119.592716939,58.7125462127,43.9303525917,12,12,1195,1640,1538,67.2397281893,0.83531855724,11,8,6,24,21,4,8,0.0,28.2445139048,25.221314751,21.1409286277,18,19
squatting,555,1684,1381,196.091712802,0.865826984135,11,12,2,19,18,7,5,0.113712374582,102.442048776,101.972809195,82.8603534938,11,11,1514,1762,1677,44.3114652497,0.916317117177,11,12,10,14,15,3,6,0.0,27.6215902003,23.6441534693,22.8226436931,12,13,1125,1659,1529,88.8055170015,0.847413564766,2,12,11,20,19,2,5,0.0,42.1300529792,39.4146107273,37.5697228329,13,13
squatting,318,1731,1471,220.511319924,0.930653242834,11,3,2,18,18,3,3,0.0827814569536,140.353297179,110.158078255,104.964112707,9,9,1135,1764,1613,104.251008019,0.909244030983,11,2,1,14,13,6,9,0.0,97.5310276643,44.8228827359,35.066317566,11,11,1009,1686,1542,92.8055313178,0.896884987289,3,8,13,19,19,1,2,0.0,44.7507223453,41.1972225353,38.3855016971,12,13
squatting,109,1664,1321,303.222148043,0.878429896184,11,19,1,17,16,1,6,0.216417910448,174.422044422,123.117605164,116.106493871,13,13,1478,1751,1691,45.7583489981,0.941256898125,1,11,4,15,15,3,3,0.0,26.2825109927,25.0068871206,18.6887494139,7,8,915,1661,1506,143.691772047,0.871249178693,11,19,9,17,16,1,6,0.0186567164179,77.2770661528,58.1963676974,55.0838488622,12,12
squatting,292,1691,1393,218.597246269,0.814545047742,11,12,22,19,13,6,5,0.0996677740864,134.368279358,95.8950811913,63.3613627639,13,14,1320,1781,1657,66.34963412,0.88994366762,11,3,1,14,17,2,6,0.0,41.925932722,30.6890288378,27.8188249857,11,10,999,1660,1525,95.1181946812,0.758167234632,11,12,22,19,15,2,6,0.0,46.2231827259,35.7444843426,29.1347044969,16,17
squatting,531,1616,1355,203.997130958,0.894164783162,5,1,13,18,15,5,7,0.124579124579,98.0008010138,94.2145024456,76.3579334837,12,13,1388,1784,1674,47.721064381,0.932172613217,1,2,4,13,17,3,7,0.0,23.8279911556,23.142450136,22.6061813622,9,9,1128,1637,1514,92.5230349869,0.877709918107,5,13,1,19,16,2,7,0.0,45.829819276,36.4545126352,35.4476481467,14,15
squatting,537,1743,1485,232.679649891,0.888573818436,11,12,4,14,15,3,6,0.1,164.162637482,121.957526972,82.9468705426,12,12,725,1772,1610,171.416317454,0.974478389727,11,4,3,18,15,0,0,0.0344827586207,95.9072417936,76.2977839158,76.1531174904,11,12,1144,1688,1547,112.818822403,0.882927852231,12,8,7,16,15,1,6,0.0,61.6282744466,52.661560305,41.7780801281,9,10
squatting,291,1662,1382,242.555041396,0.882858771807,13,10,1,20,18,3,4,0.114906832298,125.936075185,112.675423401,90.0367436139,11,10,476,1753,1606,233.067886548,0.976818695615,3,4,1,17,18,0,1,0.0496894409938,131.227188156,115.103347619,93.3919598553,7,7,383,1650,1494,193.384871519,0.947952092905,13,10,5,19,19,0,1,0.0403726708075,85.3730618734,78.5571630965,76.3148657611,11,10
sitting_down,160,1643,774,620.957721243,0.998328694983,1,2,4,6,4,2,0,0.655629139073,767.879678274,317.988222289,176.248354408,0,1,306,1728,1094,487.822571846,0.996299432837,1,2,3,6,4,3,1,0.582781456954,581.670524951,214.056319124,196.590566457,0,1,277,1638,934,536.098030081,0.998768032157,1,2,4,4,2,2,1,0.609271523179,674.706629676,238.348864189,145.673887971,0,1
sitting_down,84,1565,865,416.608160791,0.993931051511,1,2,3,5,3,2,1,0.748387096774,427.295990684,348.5282771,112.794084675,0,1,124,1745,775,728.844582947,0.998338223321,1,2,4,3,4,1,0,0.625806451613,924.051164156,282.267964114,213.14944602,0,1,344,1625,820,524.815503774,0.998615748269,1,2,4,4,4,1,0,0.683870967742,637.737171912,295.564021886,129.869091395,0,1
sitting_down,145,1590,958,423.894301043,0.995832079488,1,2,5,5,7,0,2,0.707865168539,409.629957135,345.889970502,145.041197663,0,1,136,1755,755,715.710502084,0.998591385353,1,2,4,5,6,2,0,0.629213483146,901.930019448,294.905750858,216.108494024,0,1,386,1628,856,519.148448036,0.998708019216,1,2,4,7,6,1,0,0.685393258427,626.553780059,303.393236046,135.763438483,0,1
sitting_down,109,1625,782,600.206578921,0.997396699686,1,2,4,4,3,2,1,0.666666666667,739.95830744,325.903819068,156.932348365,0,1,447,1740,1051,553.820128697,0.996700456325,1,3,4,3,5,1,1,0.552845528455,707.202861692,201.88460505,132.567133199,0,1,312,1644,916,552.735328486,0.998383397606,1,2,3,3,3,1,1,0.609756097561,706.304537838,214.074419099,133.949073909,0,1
sitting_down,90,1610,846,623.15325292,0.997861813385,1,3,2,4,4,3,2,0.58273381295,786.567518617,220.902918435,204.353425128,0,1,399,1743,1105,545.523243208,0.996687651142,1,3,5,4,5,2,3,0.510791366906,697.019053916,216.459034313,162.214496603,0,1,286,1628,975,568.326422481,0.998605358615,1,3,5,3,5,1,2,0.553956834532,733.931210478,213.838087796,120.790159545,0,1
sitting_down,165,1530,745,468.71604178,0.997288203792,1,2,3,4,3,2,1,0.739726027397,488.577725132,372.723830201,132.261187625,0,1,445,1740,1047,470.812391463,0.996373119734,1,2,4,6,5,2,1,0.664383561644,546.753390012,276.222287559,159.697733327,0,1,361,1615,896,449.357833605,0.998344489402,1,2,4,5,4,2,1,0.712328767123,510.905403258,316.158921606,106.594787033,0,1
sitting_down,168,1613,923,451.199792328,0.995645423583,1,2,4,6,8,2,2,0.709459459459,467.948252794,367.387236405,127.15881373,0,1,118,1741,715,709.359444837,0.998506611464,1,2,4,2,5,1,0,0.641891891892,889.120388231,315.241120388,210.784629305,0,1,289,1638,819,547.296345204,0.998583437867,1,2,4,4,6,1,0,0.675675675676,653.736848565,332.085984088,156.988671196,0,1
sitting_down,58,1615,757,582.123596212,0.995574752482,1,2,5,6,6,2,2,0.703448275862,535.553874757,526.88304521,213.658416611,2,3,175,1752,904,617.823022004,0.996915241271,1,2,4,4,4,2,1,0.627586206897,789.556913713,223.095550652,210.956802123,0,1,247,1634,830,547.240319511,0.998291108911,1,2,4,4,5,1,0,0.689655172414,662.218822634,312.740235738,153.226371778,0,1
sitting_down,87,1617,724,561.611811676,0.996207977452,1,2,4,7,7,2,2,0.715231788079,641.40898131,393.091448828,135.041788773,0,1,333,1747,869,628.525171159,0.997517721966,1,2,4,5,9,1,0,0.629139072848,780.191798087,275.8376981,210.162613876,0,1,229,1634,796,574.381854371,0.998443906948,1,2,4,7,7,1,0,0.655629139073,698.100952181,328.529664717,162.663202993,0,1
sitting_down,68,1634,844,528.937284465,0.996695675403,1,2,4,8,6,3,2,0.701298701299,608.992572782,355.665611295,147.788092607,0,1,394,1731,962,561.073628223,0.997451518932,1,4,2,5,4,2,1,0.61038961039,705.167771647,204.546287724,189.726184347,0,1,296,1643,903,526.068245373,0.998096365645,1,2,4,7,5,3,1,0.636363636364,642.777535925,272.059772076,171.436773921,0,1
sitting_only,373,407,392,5.67766813868,0.824297102496,1,4,3,4,2,2,1,1.0,4.09334922598,2.4691122914,2.31656718056,4,3,1302,1324,1317,4.40626774013,0.857890285405,1,2,4,0,2,0,2,0.0,3.95666348402,2.76314940874,1.52714689889,4,4,841,862,854,4.08300725257,0.810065038315,1,4,3,0,2,0,1,1.0,3.39561012277,1.94782692083,1.81059521702,4,3
sitting_only,278,460,365,30.6425554578,0.972396729268,1,3,2,7,8,1,2,1.0,21.0433383919,18.2745864889,16.217950731,1,1,81,1333,720,584.822716661,0.99766811513,1,3,5,9,6,4,2,0.516014234875,748.807400136,252.348153371,147.771196382,1,0,180,859,542,300.451438404,0.997535933167,1,3,5,9,9,4,2,1.0,381.391456712,135.104480733,79.7875190713,1,0
sitting_only,389,413,408,3.68158225045,0.884564684442,1,2,3,0,0,0,0,1.0,2.25746336836,1.93472324221,1.67716482735,4,3,1305,1323,1317,4.24133566224,0.969359003953,1,2,3,0,2,0,1,0.0,4.60254212325,2.11253330352,1.73424672918,2,1,848,868,862,3.5606240611,0.955752305544,1,2,3,0,0,0,0,1.0,3.1915411761,1.91072551212,1.53515250922,2,1
sitting_only,384,417,410,6.40639797764,0.963129007768,1,2,3,0,1,0,1,1.0,5.18540582987,4.18362905197,2.94430774975,3,3,1284,1323,1315,7.52739542646,0.975251231626,1,2,3,0,0,0,0,0.0,4.81891784517,4.57421603783,4.36108168507,2,2,834,868,862,6.85266122119,0.972572469903,1,2,3,0,1,0,1,1.0,5.03287745413,4.33764784532,3.67155514405,3,3
sitting_only,198,270,248,17.1262832478,0.95760415643,1,6,3,3,4,0,3,1.0,18.8963633253,6.85020795349,6.21947716464,1,0,118,177,137,13.5538593449,0.916249150833,4,3,5,3,2,2,1,1.0,9.01222073055,8.70844414332,6.8587096567,1,2,168,213,192,7.8536619653,0.884606591403,1,2,6,3,3,1,1,1.0,6.76440600403,3.86512639304,3.26121962737,2,2
sitting_only,262,337,311,15.9637496012,0.966609727438,1,4,2,3,5,1,1,1.0,18.8068876616,5.93469063025,5.24965923648,2,1,67,147,100,25.1704691919,0.990322530563,1,2,3,3,4,1,2,1.0,27.514809343,17.7945651704,8.81375779122,1,1,165,224,205,13.5608132361,0.96637922341,1,2,3,2,5,0,1,1.0,14.8583504559,7.19142863813,5.34547596345,1,1
sitting_only,296,389,341,18.3099157334,0.977495949587,2,3,4,10,9,2,4,1.0,16.1074927317,10.0569500141,8.53784172864,4,4,69,144,100,13.2507099764,0.964529967015,1,4,2,6,12,1,5,1.0,9.56469696911,8.19204720564,8.18403545725,3,3,189,266,220,15.0908181878,0.975153369431,2,4,1,8,7,1,1,1.0,12.1164863354,8.34617128814,7.36635070103,3,3
sitting_only,312,400,353,12.2177522232,0.929411940735,1,6,5,2,5,2,1,1.0,8.81617123022,5.46486253924,4.30670264707,2,1,103,165,121,12.9874111731,0.981498746955,1,4,2,3,6,1,0,1.0,13.6741965762,6.70504018454,4.90263311458,1,0,224,275,237,10.284444366,0.962068453479,1,3,4,5,6,3,0,1.0,11.221478651,3.61218881085,3.33074593409,2,1
sitting_only,411,422,418,2.21210610016,0.891967344851,1,2,3,0,0,0,0,1.0,2.21741356677,1.24946607497,1.16843040468,3,2,1316,1323,1320,1.22847387347,0.846124876262,1,2,5,0,0,0,0,0.0,1.35761347073,0.460149978567,0.330138950217,1,0,863,872,869,1.68772738298,0.876180246829,1,2,3,0,0,0,0,1.0,1.7818112236,0.906003262751,0.640605342135,1,0
sitting_only,270,348,332,18.3919989398,0.95402909543,1,4,3,4,2,0,1,1.0,13.2986087889,11.5326362829,9.21169965712,2,1,155,261,227,31.8872745591,0.99479889918,1,2,3,2,4,0,2,1.0,33.1200946464,23.7460958988,12.6881590435,0,1,220,297,279,21.1605597069,0.98075820606,1,2,3,1,4,0,2,1.0,22.2354632555,15.096979199,6.87486778482,0,1
jumping,176,1835,1226,440.675517033,0.742689035697,14,5,12,6,6,3,1,0.385245901639,396.726816521,167.76416075,156.66070461,10,11,17,1793,484,605.615490855,0.931459863219,1,2,3,8,7,2,0,0.852459016393,581.102915362,474.265821813,239.405520733,1,1,305,1644,855,396.406509468,0.840962525164,1,2,14,8,6,4,1,0.827868852459,320.353452357,251.074289078,234.75757484,9,9
jumping,380,1823,1227,464.753029494,0.738804091454,16,15,14,7,9,4,6,0.407142857143,330.798052525,313.981382658,207.813482863,11,11,20,1740,410,512.658927293,0.929622613264,1,2,3,9,9,1,0,0.9,425.314080306,345.817207491,302.179638236,5,5,261,1669,819,409.22808568,0.863103802409,1,2,16,8,10,2,3,0.878571428571,267.844945508,229.539826442,216.032529487,11,11
jumping,257,1824,1118,469.086674074,0.761877003794,14,15,5,7,8,4,2,0.515625,333.743541976,290.076368028,181.316910028,11,11,62,1756,701,599.687072323,0.872562330083,1,2,3,7,8,4,2,0.796875,585.284373141,392.619745015,182.266716685,5,5,325,1667,909,421.565596929,0.824057951547,1,14,2,8,8,1,2,0.84375,307.70114965,248.320367492,222.745417413,9,9
jumping,478,1850,1243,430.53351155,0.718182240291,13,14,1,6,6,1,3,0.40350877193,366.219603003,287.47286144,163.158342935,9,9,27,1755,441,567.87641382,0.922271835282,1,2,3,8,7,2,0,0.877192982456,571.138980723,388.890042562,239.611750332,3,3,333,1640,842,426.280907326,0.86157548228,1,2,13,6,6,3,0,0.833333333333,357.834177241,262.03787993,228.05454806,6,6
jumping,224,1812,1117,521.60319436,0.768758583614,14,13,6,7,9,2,2,0.492063492063,450.701447244,300.297299588,204.739685426,11,12,65,1784,653,589.63594846,0.87452298268,1,2,3,9,8,3,0,0.833333333333,501.60407905,440.022726013,216.967513248,6,6,293,1662,885,419.800864668,0.82787935712,14,1,13,10,9,1,4,0.865079365079,317.507784048,244.217605816,233.402166272,11,11
jumping,568,1845,1262,414.960245134,0.676676190027,12,14,6,6,7,1,2,0.377358490566,277.878491658,241.831863001,171.181357581,8,9,14,1744,405,557.883177735,0.908647017886,1,2,3,7,5,1,0,0.896226415094,531.585978131,379.867632477,278.597451396,3,3,321,1645,833,388.561620138,0.822115514399,1,2,12,6,6,2,0,0.858490566038,311.609056268,221.342854532,190.861380671,8,8
jumping,224,1809,1133,461.491189199,0.747183630491,13,14,11,8,9,2,2,0.51724137931,341.177697377,257.768824889,241.461463855,9,10,65,1767,525,577.280774888,0.903211620703,1,2,3,7,6,2,0,0.844827586207,552.786601378,411.440469098,259.942619358,3,3,318,1651,829,409.800890338,0.839667748125,1,13,2,9,7,3,1,0.853448275862,320.884389105,249.298739152,232.884806933,8,8
jumping,481,1791,1158,449.928448729,0.763316535043,12,13,1,9,10,6,2,0.474576271186,396.708101916,371.827341018,131.38406298,10,10,97,1770,632,521.765353762,0.822733463149,1,2,13,8,7,2,0,0.872881355932,392.668137327,348.951469419,241.885169898,10,10,302,1675,895,437.238522085,0.832741973376,12,13,1,9,9,3,1,0.85593220339,304.995410495,301.703586448,261.969221643,10,10
jumping,428,1839,1152,416.854204553,0.738081182907,13,14,15,8,8,6,3,0.46218487395,351.304767658,225.855067183,208.575305512,10,11,20,1756,420,587.911809703,0.954830058943,1,2,3,7,6,1,0,0.865546218487,579.551430189,436.691397338,283.847313212,1,1,303,1645,786,382.157213762,0.879750783844,1,2,13,8,7,2,1,0.873949579832,316.989106971,236.384566373,215.62899732,9,9
jumping,534,1836,1231,436.045302313,0.757970979465,13,14,1,7,7,2,4,0.409836065574,460.031628723,177.688930196,167.635006687,10,10,24,1771,520,577.739425783,0.895120207472,1,2,3,8,7,1,0,0.852459016393,565.324889069,402.718111638,223.498970209,3,3,298,1638,875,441.830148796,0.864489141657,1,13,2,8,7,2,1,0.819672131148,357.778085785,312.737547302,266.72165834,8,8
