56545 1692 1684
56546 1691 1685
56547 1691 1686
56548 1691 1686
56549 1691 1686
56550 1692 1686
56551 1691 1687
56552 1692 1687
56553 1692 1687
56554 1692 1687
56556 1691 1688
56557 1691 1689
56558 1689 1690
56559 1688 1691
56560 1687 1691
56561 1688 1691
56562 1688 1692
56563 1688 1692
56564 1688 1692
56565 1687 1693
56566 1687 1694
56568 1685 1694
56569 1686 1696
56570 1686 1696
56571 1686 1696
56572 1686 1697
56573 1685 1696
56574 1685 1698
56577 1686 1698
56578 1686 1697
56579 1685 1698
56580 1686 1699
56581 1686 1699
56582 1686 1699
56583 1687 1699
56584 1686 1697
56585 1688 1698
56586 1687 1698
56587 1687 1698
56588 1687 1698
56589 1686 1697
56592 1687 1699
56593 1687 1699
56594 1686 1699
56595 1685 1699
56596 1685 1699
56597 1684 1699
56600 1680 1700
56602 1678 1701
56603 1677 1701
56604 1676 1701
56605 1675 1701
56606 1674 1702
56607 1674 1702
56608 1674 1702
56609 1674 1702
56610 1674 1702
56611 1675 1702
56612 1675 1702
56615 1676 1702
56616 1677 1702
56617 1678 1702
56618 1678 1702
56619 1679 1702
56621 1680 1702
56622 1680 1702
56623 1681 1702
56624 1681 1702
56625 1682 1702
56626 1682 1701
56627 1683 1702
56628 1683 1702
56629 1683 1702
56630 1683 1702
56631 1683 1703
56632 1683 1702
56633 1683 1702
56634 1683 1702
56635 1683 1702
56636 1683 1702
56637 1683 1702
56638 1683 1702
56639 1683 1702
56640 1683 1702
56641 1683 1703
56642 1683 1702
56643 1682 1703
56646 1682 1703
56647 1683 1703
56650 1682 1704
56651 1682 1704
56652 1682 1704
56653 1682 1704
56654 1682 1704
56655 1682 1705
56656 1682 1705
56659 1682 1706
56660 1682 1705
56661 1680 1703
56662 1681 1703
56663 1681 1706
56664 1679 1707
56665 1678 1707
56666 1677 1707
56667 1676 1707
56668 1676 1706
56669 1675 1707
56670 1676 1707
56671 1676 1707
56672 1676 1707
56673 1676 1707
56674 1676 1708
56675 1675 1708
56676 1676 1708
56677 1677 1708
56678 1677 1708
56679 1677 1708
56680 1677 1708
56681 1677 1708
56682 1677 1709
56683 1677 1709
56684 1677 1709
56685 1677 1709
56686 1678 1709
56687 1678 1709
56688 1678 1709
56689 1678 1709
56690 1678 1709
56691 1678 1709
56692 1678 1709
56693 1678 1709
56694 1679 1709
56695 1678 1709
56696 1678 1709
56697 1678 1709
56698 1679 1709
56699 1679 1709
56700 1679 1709
56701 1679 1709
56702 1679 1709
56703 1679 1709
56704 1679 1709
56705 1680 1709
56706 1680 1708
56707 1681 1708
56708 1682 1708
56709 1682 1708
56710 1682 1709
56711 1682 1709
56712 1682 1709
56713 1683 1709
56714 1683 1709
56715 1683 1709
56716 1682 1709
56717 1683 1709
56718 1682 1709
56719 1682 1709
56720 1682 1709
56721 1682 1709
56723 1683 1709
56724 1683 1709
56725 1683 1709
56726 1683 1709
56727 1683 1709
56728 1683 1709
56729 1683 1709
56730 1683 1709
56732 1681 1707
56733 1682 1709
56734 1682 1709
56736 1682 1709
56737 1682 1709
56738 1682 1709
56739 1682 1709
56740 1682 1709
56741 1682 1709
56742 1682 1709
56743 1681 1709
56745 1682 1709
56746 1682 1710
56747 1682 1709
56748 1682 1709
56749 1682 1709
56750 1682 1710
56751 1682 1710
56752 1682 1710
56753 1681 1708
56754 1679 1708
56755 1682 1709
56756 1682 1709
56757 1682 1709
56758 1681 1709
56759 1683 1709
56760 1681 1708
56761 1683 1709
56762 1683 1710
56763 1683 1709
56764 1684 1709
56766 1684 1709
56767 1684 1709
56768 1684 1709
56769 1684 1709
56770 1684 1709
56771 1684 1709
56772 1684 1709
56773 1684 1709
56774 1684 1709
56775 1684 1709
56776 1684 1709
56777 1684 1709
56778 1684 1709
56779 1684 1709
56780 1684 1709
56781 1684 1710
56782 1684 1710
56783 1683 1710
56784 1684 1710
56785 1683 1710
56786 1683 1710
56787 1683 1710
56788 1683 1710
56789 1683 1710
56790 1683 1710
56791 1682 1710
56792 1682 1710
56793 1682 1710
56794 1682 1711
56795 1682 1710
56796 1682 1710
56797 1682 1710
56798 1682 1710
56799 1682 1711
56800 1682 1711
56801 1682 1711
56802 1682 1711
56803 1682 1710
56804 1682 1711
56805 1682 1711
56806 1683 1711
56807 1683 1710
56810 1684 1710
56811 1684 1710
56814 1683 1710
56815 1683 1710
56816 1683 1711
56817 1682 1710
56818 1684 1711
56819 1684 1711
56820 1684 1711
56821 1684 1710
56822 1684 1710
56823 1684 1710
56824 1684 1711
56825 1684 1711
56826 1684 1711
56827 1684 1711
56828 1684 1711
56829 1684 1711
56831 1683 1711
56832 1684 1711
56833 1684 1711
56834 1684 1711
56835 1683 1711
56836 1683 1711
56837 1683 1711
56838 1683 1711
56839 1682 1711
56840 1681 1711
56841 1680 1712
56842 1681 1711
56843 1680 1712
56844 1680 1712
56846 1681 1712
56847 1681 1712
56848 1681 1712
56849 1681 1712
56850 1681 1712
56851 1681 1712
56852 1681 1712
56853 1678 1712
56854 1671 1714
56855 1670 1716
56856 1661 1717
56857 1648 1717
56858 1631 1718
56859 1602 1716
56861 1534 1637
56862 1561 1395
56863 1683 1367
56864 1761 1421
56865 1791 1524
56866 1804 1412
56867 1768 1236
56868 1432 1068
56869 1255 961
56870 1211 860
56871 1183 783
56872 1145 724
56873 1150 682
56874 1653 652
56875 1815 998
56876 1799 1667
56877 1708 1466
56878 1601 1316
56879 1655 1554
56880 1707 1704
56881 1707 1694
56883 1721 1663
56884 1736 1504
56885 1732 1272
56886 1705 1194
56887 1694 1136
56888 1746 1107
56889 1805 1121
56890 1832 1290
56891 1841 1253
56892 1749 1034
56893 1415 816
56894 1282 701
56895 1243 643
56896 1194 619
56899 1790 589
56900 1813 1427
56901 1758 1674
56902 1632 1578
56903 1596 1576
56904 1605 1679
56905 1634 1697
56906 1665 1662
56907 1692 1539
56908 1719 1253
56909 1733 1154
56910 1735 1089
56911 1746 1070
56912 1779 1075
56913 1815 1089
56914 1836 1148
56915 1842 1113
56917 1390 680
56918 1281 587
56919 1254 557
56920 1230 537
56921 1194 520
56922 1586 469
56923 1810 741
56924 1805 1698
56925 1746 1624
56926 1628 1443
56927 1609 1625
56928 1657 1721
56929 1656 1721
56930 1613 1715
56931 1529 1722
56932 1544 1681
56934 1773 1691
56935 1759 1374
56936 1669 1213
56937 1618 1059
56938 1647 946
56939 1756 942
56940 1809 1074
56941 1829 1450
56942 1837 1343
56943 1815 1166
56944 1585 914
56945 1341 753
56946 1282 648
56947 1230 622
56948 1188 636
56949 1423 629
56950 1784 575
56951 1773 1283
56952 1741 1490
56953 1616 1218
56954 1640 1343
56962 1723 1046
56963 1785 1034
56964 1819 1140
56965 1831 1226
56966 1815 1072
56967 1587 800
56968 1360 661
56969 1291 601
56970 1211 605
56971 1137 631
56972 1291 655
56979 1712 1701
56980 1712 1633
56981 1692 1635
56982 1656 1644
56983 1636 1520
56984 1671 1178
56985 1745 1123
56986 1801 1129
56987 1830 1265
56988 1840 1307
56989 1826 1145
56990 1596 886
56991 1380 745
56992 1331 635
56993 1270 587
56994 1183 589
56995 1248 612
56996 1735 517
56997 1799 933
56998 1776 1389
56999 1724 1116
57000 1670 966
57001 1690 888
57002 1727 1275
57003 1748 1374
57005 1736 1024
57006 1691 1029
57007 1727 1067
57008 1773 1229
57009 1800 1437
57010 1818 1310
57011 1823 1164
57014 1329 595
57015 1268 567
57016 1181 557
57017 1252 578
57018 1738 476
57019 1811 760
57020 1766 1445
57021 1731 1101
57022 1701 993
57025 1731 1569
57026 1726 1467
57027 1715 1537
57028 1718 1609
57029 1731 1522
57030 1737 1165
57031 1732 1074
57032 1688 1394
57033 1704 1064
57034 1766 1009
57035 1807 1142
57036 1821 1233
57037 1823 1107
57038 1660 815
57039 1385 641
57040 1311 558
57041 1229 522
57042 1151 530
57043 1282 623
57044 1772 480
57045 1819 825
57046 1759 1433
57047 1720 1098
57048 1677 963
57049 1682 1151
57050 1730 1680
57051 1748 1632
57052 1738 1557
57053 1719 1588
57054 1695 1636
57055 1671 1505
57056 1705 1131
57057 1752 1079
57058 1810 1109
57059 1829 1240
57060 1833 1234
57061 1785 985
57062 1528 701
57063 1346 573
57064 1267 506
57065 1176 516
57066 1152 570
57067 1578 485
57068 1799 523
57069 1800 1472
57070 1768 1175
57071 1683 1017
57072 1626 1138
57073 1631 1662
57074 1684 1696
57075 1639 1698
57076 1532 1661
57077 1456 1674
57078 1370 1683
57079 1398 1652
57080 1527 1360
57081 1676 1162
57082 1754 1126
57084 1805 1262
57085 1806 1097
57086 1660 807
57087 1392 611
57088 1295 517
57089 1213 526
57090 1145 560
57091 1322 543
57092 1756 442
57093 1802 874
57094 1775 1431
57095 1721 1096
57096 1644 1092
57097 1651 1622
57098 1680 1704
57099 1688 1669
57100 1671 1649
57101 1629 1673
57102 1626 1673
57103 1665 1429
57104 1712 1161
57105 1751 1089
57106 1794 1146
57107 1812 1269
57108 1824 1188
57109 1763 920
57110 1501 650
57111 1336 563
57112 1213 580
57113 1139 616
57114 1134 618
57115 1644 421
57116 1794 614
57117 1805 1350
57118 1766 1275
57119 1723 1003
57120 1704 880
57121 1711 853
57122 1721 1574
57123 1707 1621
57124 1674 1574
57125 1652 1607
57126 1623 1436
57127 1665 1082
57128 1746 1300
57129 1790 1324
57130 1812 1275
57131 1821 1159
57132 1760 902
57133 1521 648
57134 1382 564
57135 1306 515
57136 1236 518
57137 1319 564
57138 1726 428
57139 1829 702
57140 1806 1101
57141 1749 1015
57142 1678 913
57143 1641 1217
57144 1668 1692
57145 1645 1695
57146 1625 1683
57147 1662 1694
57149 1712 1660
57150 1717 1645
57151 1718 1654
57152 1723 1644
57153 1727 1627
57154 1729 1626
57155 1731 1628
57156 1733 1629
57157 1734 1634
57160 1736 1640
57161 1733 1656
57162 1729 1671
57163 1726 1676
57164 1724 1679
57165 1722 1683
57166 1722 1686
57167 1723 1688
57168 1723 1691
57169 1724 1694
57170 1724 1695
57171 1724 1696
57172 1724 1696
57174 1725 1696
57175 1726 1696
57176 1728 1696
57177 1728 1696
57178 1727 1696
57179 1726 1697
57180 1723 1699
57183 1714 1703
57184 1712 1705
57185 1712 1707
57186 1709 1708
57187 1708 1709
57188 1707 1709
57189 1706 1709
57190 1707 1710
57191 1708 1710
57192 1708 1710
57193 1708 1710
57194 1709 1710
57197 1707 1709
57198 1706 1710
57199 1704 1711
57200 1703 1711
57203 1703 1710
57204 1704 1710
57205 1706 1710
57206 1707 1709
57207 1707 1709
57208 1707 1709
57209 1707 1710
57210 1707 1711
57211 1707 1711
57212 1706 1711
57213 1705 1712
57214 1704 1712
57215 1704 1712
57216 1705 1712
57217 1705 1712
57218 1706 1711
57219 1707 1712
57220 1707 1711
57221 1707 1711
57222 1708 1711
57223 1707 1711
57224 1707 1711
57225 1708 1711
57226 1708 1711
57227 1709 1711
57228 1710 1711
57229 1711 1711
57230 1712 1711
57231 1713 1711
57232 1714 1711
57233 1715 1711
57234 1715 1710
57235 1715 1711
57236 1715 1710
57237 1715 1711
57238 1716 1710
57239 1716 1710
57240 1717 1711
57241 1717 1711
57242 1717 1711
57243 1718 1712
57244 1719 1713
57245 1720 1713
57246 1721 1712
57247 1722 1711
57253 1720 1708
57254 1720 1706
57255 1720 1705
57256 1719 1704
57257 1719 1702
57258 1719 1700
57259 1719 1698
57260 1720 1696
57261 1720 1693
57262 1720 1692
57263 1721 1693
57266 1723 1698
57267 1723 1699
57268 1723 1699
57269 1723 1699
57270 1723 1699
57271 1724 1700
57272 1724 1700
57273 1724 1701
57274 1724 1702
57275 1723 1702
57276 1723 1702
57277 1723 1702
57278 1722 1702
57279 1722 1701
57280 1722 1701
57281 1722 1701
57283 1722 1700
57284 1723 1700
57285 1723 1696
57286 1723 1695
57287 1724 1696
57288 1724 1697
57289 1724 1698
57290 1723 1700
57291 1723 1700
57292 1722 1701
57293 1722 1701
57294 1722 1702
57295 1721 1702
57296 1721 1702
57297 1721 1703
57298 1721 1703
57299 1720 1703
57300 1719 1703
57301 1718 1704
57302 1718 1705
57303 1718 1705
57304 1718 1705
57305 1718 1703
57306 1719 1703
57307 1719 1703
57308 1719 1703
57309 1719 1704
57312 1716 1706
57313 1716 1707
57314 1716 1708
57315 1716 1708
57316 1715 1709
57317 1715 1709
57318 1714 1709
57319 1713 1709
57323 1710 1709
57324 1709 1710
57325 1709 1710
57326 1709 1710
57327 1709 1710
57328 1709 1710
57329 1713 1708
57330 1715 1708
57331 1715 1708
57332 1714 1710
57335 1713 1710
57336 1714 1711
57337 1714 1711
57338 1714 1711
57339 1713 1711
57340 1713 1712
57341 1712 1712
57342 1712 1712
57343 1712 1712
57344 1712 1712
57345 1713 1711
57346 1714 1711
57347 1714 1711
57348 1714 1711
57349 1714 1711
57350 1714 1712
57351 1714 1713
57352 1714 1712
57353 1714 1713
57354 1714 1713
57355 1714 1713
57356 1714 1713
57357 1714 1713
57358 1714 1713
57359 1714 1712
57361 1714 1711
57362 1714 1712
57363 1714 1712
57364 1714 1712
57365 1714 1712
57366 1713 1713
57367 1713 1713
57368 1713 1713
57369 1713 1713
57370 1713 1713
57371 1713 1713
57372 1713 1713
57373 1714 1713
57374 1714 1712
57375 1714 1712
57376 1714 1712
57377 1715 1712
57378 1715 1712
57379 1716 1713
57380 1716 1713
57381 1716 1712
57382 1715 1712
57383 1716 1712
57384 1716 1713
57385 1716 1713
57386 1716 1712
57387 1716 1711
57388 1716 1711
57389 1716 1711
57390 1716 1711
57391 1716 1712
57392 1716 1713
57393 1716 1713
57396 1715 1713
57397 1715 1713
57398 1715 1713
57399 1715 1713
57400 1716 1714
57401 1717 1713
57402 1718 1713
57403 1719 1712
57404 1720 1712
57405 1720 1711
57406 1720 1711
57407 1721 1711
57408 1720 1711
57409 1720 1711
57410 1720 1711
57412 1721 1710
57413 1721 1710
57414 1721 1709
57415 1721 1710
57416 1720 1710
57417 1720 1709
57418 1720 1710
57419 1720 1710
57420 1721 1710
57421 1722 1709
57422 1722 1708
57423 1722 1708
57424 1722 1708
57425 1722 1708
57426 1722 1709
57427 1723 1709
57428 1723 1710
57429 1723 1710
57430 1722 1711
57431 1723 1711
57432 1723 1711
57433 1723 1711
57434 1723 1711
57435 1723 1711
57436 1723 1711
57437 1723 1711
57438 1723 1712
57439 1723 1713
57440 1723 1713
57441 1723 1713
57442 1723 1712
57443 1724 1713
57444 1724 1713
57445 1724 1713
57446 1724 1713
57447 1724 1713
57448 1723 1713
57449 1723 1713
57450 1723 1713
57451 1723 1712
57452 1723 1712
57453 1723 1712
57454 1723 1712
57455 1724 1712
57456 1724 1712
