57858 1701 1709
57859 1701 1708
57861 1700 1706
57862 1701 1709
57863 1702 1709
57864 1702 1710
57865 1702 1711
57866 1702 1711
57867 1699 1712
57868 1698 1713
57869 1699 1713
57870 1698 1714
57871 1696 1716
57872 1696 1716
57873 1697 1717
57874 1699 1717
57875 1700 1716
57876 1701 1713
57877 1702 1710
57878 1703 1711
57879 1705 1711
57880 1706 1711
57881 1707 1711
57882 1707 1710
57883 1707 1711
57884 1707 1711
57885 1707 1712
57886 1707 1712
57887 1706 1712
57888 1707 1713
57889 1707 1712
57890 1707 1713
57891 1707 1713
57892 1707 1713
57893 1707 1713
57894 1708 1712
57895 1708 1712
57896 1709 1712
57897 1709 1712
57898 1709 1713
57899 1709 1712
57900 1710 1711
57901 1711 1711
57902 1712 1710
57903 1711 1711
57904 1711 1711
57905 1711 1711
57906 1711 1711
57907 1711 1711
57908 1712 1711
57909 1712 1711
57910 1712 1711
57911 1712 1711
57912 1712 1711
57913 1713 1711
57914 1713 1712
57915 1713 1712
57916 1714 1712
57917 1714 1712
57918 1714 1712
57919 1714 1712
57920 1714 1712
57921 1714 1711
57922 1715 1711
57923 1715 1710
57924 1716 1710
57925 1716 1710
57926 1716 1710
57927 1715 1710
57928 1715 1710
57929 1715 1709
57930 1715 1709
57931 1715 1709
57932 1715 1709
57933 1715 1709
57934 1715 1710
57935 1715 1710
57936 1715 1711
57937 1715 1711
57938 1715 1711
57939 1715 1710
57940 1716 1710
57941 1716 1710
57942 1716 1710
57943 1716 1710
57944 1717 1710
57945 1717 1710
57946 1717 1711
57947 1717 1711
57948 1717 1711
57949 1717 1711
57950 1717 1712
57951 1717 1712
57952 1717 1712
57953 1717 1711
57954 1717 1711
57955 1717 1711
57956 1717 1711
57957 1717 1711
57958 1717 1711
57959 1717 1711
57960 1716 1711
57961 1716 1711
57962 1716 1711
57963 1716 1712
57964 1715 1712
57965 1715 1712
57966 1715 1712
57967 1715 1712
57968 1715 1712
57969 1716 1712
57970 1716 1712
57971 1717 1712
57972 1717 1712
57973 1717 1711
57974 1717 1711
57975 1718 1712
57976 1718 1712
57977 1718 1713
57978 1717 1713
57979 1716 1714
57981 1715 1715
57982 1715 1715
57983 1715 1715
57984 1716 1715
57985 1716 1715
57986 1716 1715
57987 1716 1715
57988 1716 1715
57989 1716 1715
57990 1716 1715
57991 1716 1715
57992 1716 1715
57993 1716 1715
57994 1716 1715
57995 1716 1715
57996 1716 1715
57997 1717 1715
57998 1717 1715
57999 1717 1715
58000 1717 1715
58001 1718 1715
58002 1718 1715
58003 1718 1714
58004 1718 1714
58005 1718 1714
58006 1718 1713
58007 1718 1714
58008 1719 1714
58009 1719 1714
58010 1719 1714
58011 1719 1713
58012 1719 1713
58013 1719 1713
58014 1720 1713
58015 1720 1711
58016 1720 1712
58017 1720 1713
58018 1720 1713
58019 1720 1713
58020 1720 1713
58021 1721 1713
58022 1721 1713
58023 1721 1713
58024 1721 1714
58025 1721 1714
58027 1720 1714
58028 1720 1715
58030 1721 1714
58031 1721 1714
58032 1721 1715
58033 1721 1715
58034 1720 1715
58035 1720 1715
58036 1720 1715
58037 1720 1715
58038 1720 1715
58039 1720 1715
58040 1719 1715
58041 1719 1715
58042 1720 1715
58043 1720 1715
58044 1720 1715
58045 1720 1715
58046 1720 1715
58047 1720 1715
58048 1720 1715
58049 1720 1715
58050 1720 1715
58051 1720 1715
58052 1720 1715
58053 1720 1715
58054 1720 1715
58055 1720 1715
58056 1720 1715
58057 1720 1715
58058 1720 1715
58059 1719 1715
58062 1718 1714
58063 1720 1715
58064 1720 1715
58066 1721 1715
58067 1720 1715
58068 1720 1716
58069 1720 1715
58070 1720 1715
58071 1720 1715
58072 1719 1715
58073 1720 1715
58074 1720 1715
58075 1721 1715
58076 1721 1715
58077 1721 1714
58078 1721 1715
58079 1721 1714
58080 1721 1714
58081 1721 1714
58082 1721 1714
58084 1721 1714
58085 1722 1715
58086 1721 1715
58087 1721 1715
58089 1721 1715
58090 1721 1715
58091 1721 1715
58092 1720 1715
58093 1720 1715
58094 1720 1715
58095 1721 1715
58096 1721 1715
58097 1721 1715
58098 1721 1715
58099 1721 1715
58101 1721 1715
58102 1722 1715
58103 1721 1715
58104 1721 1715
58105 1721 1715
58106 1721 1715
58107 1722 1715
58108 1722 1714
58109 1722 1714
58110 1722 1715
58111 1722 1715
58112 1722 1714
58113 1722 1715
58114 1722 1715
58115 1722 1715
58116 1722 1714
58118 1722 1715
58119 1722 1714
58120 1722 1714
58121 1722 1715
58122 1722 1715
58123 1722 1714
58124 1722 1715
58125 1722 1715
58126 1722 1715
58127 1723 1714
58129 1723 1714
58131 1723 1714
58132 1723 1714
58133 1723 1714
58134 1723 1715
58136 1724 1714
58137 1723 1714
58138 1724 1714
58139 1724 1714
58140 1723 1714
58141 1724 1714
58142 1724 1715
58143 1724 1715
58144 1724 1715
58145 1724 1715
58146 1724 1715
58147 1724 1715
58148 1724 1715
58149 1724 1715
58150 1723 1715
58151 1723 1715
58152 1723 1715
58153 1723 1716
58154 1723 1716
58155 1722 1715
58156 1722 1716
58157 1722 1716
58158 1722 1716
58159 1722 1716
58160 1722 1716
58161 1722 1716
58162 1722 1716
58163 1722 1716
58164 1722 1716
58165 1723 1715
58166 1723 1714
58167 1724 1713
58168 1725 1713
58169 1726 1711
58170 1727 1710
58171 1728 1708
58172 1730 1707
58173 1731 1703
58174 1732 1702
58175 1730 1702
58176 1720 1704
58177 1688 1713
58178 1645 1718
58179 1649 1721
58180 1641 1719
58181 1573 1719
58182 1520 1723
58183 1423 1724
58184 1301 1727
58185 1140 1731
58186 977 1738
58187 799 1741
58188 644 1738
58189 561 1714
58190 569 1631
58191 951 1360
58192 1264 1206
58193 1215 1106
58194 1252 1038
58195 1281 977
58196 1288 933
58197 1292 894
58198 1302 867
58199 1306 856
58200 1296 862
58201 1248 874
58202 1197 885
58203 1162 890
58204 1143 887
58205 1134 886
58206 1129 889
58207 1124 891
58208 1123 892
58209 1128 892
58210 1134 892
58211 1140 894
58212 1155 897
58213 1170 900
58214 1175 905
58215 1178 908
58216 1178 910
58217 1178 911
58218 1178 911
58219 1177 913
58220 1177 917
58221 1180 925
58222 1175 932
58223 1164 934
58224 1154 935
58225 1144 934
58226 1139 933
58227 1138 933
58228 1138 934
58229 1140 934
58230 1142 933
58231 1144 933
58232 1143 931
58233 1152 934
58234 1154 935
58235 1157 935
58236 1159 936
58237 1161 935
58238 1163 935
58239 1164 935
58240 1165 936
58241 1166 936
58242 1168 937
58243 1169 937
58244 1170 937
58245 1171 938
58246 1172 939
58247 1172 938
58248 1172 938
58249 1172 938
58250 1171 940
58251 1171 939
58252 1172 940
58253 1174 941
58254 1175 942
58255 1174 943
58256 1170 943
58257 1168 943
58258 1168 943
58259 1168 943
58260 1168 943
58261 1169 944
58262 1169 943
58263 1171 943
58264 1173 944
58265 1173 945
58266 1174 945
58267 1174 945
58268 1174 945
58269 1174 945
58270 1174 946
58271 1175 945
58272 1174 946
58273 1175 946
58274 1175 947
58275 1176 947
58276 1175 947
58277 1175 947
58278 1176 948
58279 1176 948
58280 1176 950
58281 1176 952
58282 1177 952
58283 1177 952
58284 1177 953
58287 1178 953
58288 1178 954
58289 1178 954
58290 1179 955
58291 1179 955
58292 1180 956
58293 1180 956
58294 1181 956
58295 1183 956
58296 1184 956
58297 1183 956
58298 1182 956
58299 1179 956
58300 1177 957
58303 1178 958
58304 1179 958
58305 1180 958
58306 1181 959
58307 1181 959
58308 1181 959
58309 1181 959
58311 1181 960
58312 1182 962
58313 1182 963
58314 1182 963
58315 1182 963
58316 1182 963
58317 1182 964
58318 1184 964
58319 1184 965
58320 1184 965
58321 1185 965
58322 1184 965
58323 1184 966
58324 1183 967
58325 1183 969
58326 1182 970
58327 1182 971
58328 1183 971
58329 1183 972
58330 1183 972
58331 1183 973
58332 1184 974
58333 1184 975
58334 1185 975
58335 1185 975
58336 1184 975
58337 1184 975
58338 1185 975
58339 1185 976
58340 1185 977
58341 1182 977
58342 1182 977
58343 1183 977
58344 1183 977
58345 1183 977
58346 1184 978
58347 1184 979
58348 1184 979
58349 1184 979
58350 1184 979
58351 1184 979
58352 1186 979
58353 1186 979
58354 1187 979
58355 1187 978
58356 1187 979
58357 1187 980
58358 1187 980
58359 1187 981
58360 1187 981
58361 1187 981
58362 1187 981
58363 1187 981
58364 1187 982
58365 1188 982
58366 1188 983
58367 1188 983
58369 1188 983
58370 1188 984
58371 1188 985
58373 1189 986
58374 1190 986
58375 1190 986
58376 1190 987
58377 1191 986
58378 1190 987
58379 1190 987
58380 1190 988
58381 1191 988
58382 1191 989
58383 1189 988
58384 1189 989
58385 1189 989
58386 1189 989
58387 1190 989
58389 1193 991
58390 1193 991
58391 1193 991
58392 1192 991
58393 1192 991
58394 1192 992
58395 1192 992
58396 1192 990
58397 1193 990
58398 1194 991
58399 1194 991
58400 1195 991
58401 1195 992
58402 1195 992
58403 1196 992
58404 1195 993
58405 1194 993
58406 1193 993
58407 1194 993
58408 1196 993
58409 1195 993
58410 1197 995
58411 1198 996
58412 1196 996
58413 1195 996
58414 1196 996
58415 1196 997
58416 1197 997
58417 1198 998
58418 1198 998
58419 1195 998
58420 1188 997
58421 1186 997
58422 1188 997
58423 1196 1000
58424 1199 1002
58425 1200 1003
58426 1199 1003
58427 1197 1002
58428 1197 1003
58429 1196 1002
58430 1195 1001
58431 1194 997
58432 1195 996
58433 1195 999
58434 1200 1001
58436 1201 1002
58437 1198 1001
58438 1197 1000
58439 1198 1001
58440 1200 1002
58441 1201 1003
58442 1201 1002
58443 1200 1003
58444 1200 1002
58445 1200 1002
58446 1201 1002
58447 1203 1003
58448 1203 1004
58449 1202 1003
58450 1200 1003
58451 1200 1003
58452 1198 1003
58453 1196 1003
58454 1196 1003
58455 1199 1003
58456 1202 1004
58457 1205 1005
58458 1206 1006
58459 1206 1006
58460 1206 1006
58461 1206 1006
58462 1206 1006
58463 1205 1006
58464 1206 1007
58465 1206 1007
58466 1206 1006
58467 1206 1007
58468 1206 1006
58469 1206 1007
58470 1206 1007
58471 1206 1007
58472 1206 1007
58473 1207 1007
58474 1207 1007
58475 1207 1007
58476 1207 1008
58477 1207 1008
58478 1208 1008
58479 1208 1009
58480 1208 1009
58481 1208 1008
58482 1208 1009
58483 1207 1009
58484 1208 1009
58485 1208 1009
58486 1208 1009
58488 1208 1009
58489 1208 1009
58490 1209 1009
58491 1208 1009
58492 1209 1009
58493 1209 1010
58494 1210 1010
58495 1210 1011
58496 1211 1011
58497 1211 1011
58498 1211 1011
58499 1210 1011
58500 1211 1011
58501 1211 1011
58502 1211 1012
58503 1211 1012
58504 1211 1012
58505 1211 1012
58506 1211 1012
58507 1211 1012
58508 1211 1011
58509 1212 1012
58510 1212 1012
58511 1212 1012
58513 1212 1012
58514 1212 1012
58515 1212 1012
58516 1213 1012
58517 1213 1013
58518 1213 1013
58519 1213 1013
58520 1213 1012
58521 1213 1013
58522 1213 1013
58523 1213 1013
58524 1213 1013
58525 1213 1013
58526 1213 1013
58527 1213 1013
58528 1213 1013
58529 1214 1013
58530 1214 1014
58532 1214 1014
58533 1214 1014
58534 1214 1014
58535 1214 1014
58536 1215 1014
58537 1215 1014
58538 1215 1014
58539 1215 1015
58540 1216 1015
58541 1216 1015
58542 1216 1015
58543 1216 1015
58544 1216 1015
58547 1217 1016
58548 1217 1016
58549 1217 1017
58550 1217 1017
58551 1218 1017
58552 1218 1018
58553 1218 1018
58554 1218 1018
58555 1218 1018
58556 1219 1018
58557 1218 1018
58558 1218 1019
58559 1219 1019
58560 1219 1019
58561 1219 1019
58562 1219 1019
58563 1218 1019
58564 1219 1019
58565 1219 1019
58566 1219 1019
58567 1219 1019
58568 1219 1020
58569 1219 1019
58570 1220 1020
58571 1220 1019
58572 1220 1020
58573 1220 1019
58574 1220 1020
58575 1221 1020
58576 1221 1020
58577 1221 1020
58578 1221 1020
58579 1221 1020
58580 1222 1020
58581 1221 1021
58582 1222 1021
58583 1222 1021
58584 1222 1021
58585 1222 1022
58586 1222 1021
58587 1222 1021
58588 1222 1022
58589 1223 1022
58590 1223 1021
58591 1223 1022
58592 1223 1022
58593 1223 1021
58594 1223 1022
58595 1223 1022
58596 1223 1022
58597 1224 1022
58598 1224 1022
58599 1224 1022
58600 1224 1022
58601 1225 1022
58602 1225 1022
58603 1225 1022
58604 1225 1022
58605 1226 1023
58606 1226 1022
58607 1226 1023
58608 1226 1023
58609 1225 1023
58610 1225 1023
58611 1225 1022
58612 1226 1022
58613 1226 1023
58614 1226 1023
58615 1226 1023
58616 1226 1023
58617 1227 1023
58618 1228 1024
58619 1228 1024
58620 1228 1024
58621 1228 1024
58622 1228 1024
58623 1228 1024
58624 1229 1024
58625 1229 1025
58626 1229 1024
58627 1229 1024
58628 1230 1024
58629 1230 1025
58630 1230 1024
58631 1230 1025
58632 1230 1025
58633 1230 1025
58634 1230 1025
58635 1231 1025
58636 1231 1026
58637 1231 1025
58638 1231 1025
58639 1231 1025
58640 1231 1025
58641 1231 1025
58642 1232 1025
58643 1232 1026
58644 1232 1025
58645 1232 1025
58646 1232 1025
58647 1232 1025
58648 1232 1025
58649 1232 1026
58650 1232 1026
58651 1232 1026
58652 1232 1026
58653 1232 1027
58654 1232 1027
58655 1233 1027
58656 1232 1027
58657 1233 1027
58658 1233 1027
58659 1233 1027
58660 1233 1027
58661 1233 1028
58662 1234 1028
58663 1234 1028
58664 1234 1028
58665 1235 1028
58666 1235 1028
58667 1235 1028
58668 1235 1028
58669 1235 1028
58670 1235 1028
58671 1235 1028
58672 1236 1028
58673 1236 1029
58674 1236 1029
58675 1236 1028
58676 1237 1028
58677 1237 1028
58678 1237 1029
58679 1238 1029
58680 1237 1029
58681 1238 1029
58682 1237 1029
58683 1237 1029
58684 1238 1029
58685 1238 1029
58686 1238 1029
58687 1238 1029
58688 1238 1029
58689 1238 1030
58691 1238 1029
58693 1238 1030
58694 1239 1030
58696 1239 1031
58697 1238 1031
58698 1239 1031
58699 1238 1031
58700 1239 1031
58701 1239 1031
58702 1239 1031
58703 1239 1031
58704 1239 1031
58705 1239 1030
58706 1239 1031
58707 1239 1030
58708 1239 1030
58709 1239 1031
58710 1240 1031
58711 1240 1031
58712 1240 1031
58713 1240 1031
58714 1240 1031
58715 1240 1028
58716 1240 1032
58717 1240 1032
58718 1240 1032
58719 1240 1032
58720 1241 1032
58721 1241 1032
58722 1242 1032
58723 1241 1033
58724 1242 1032
58725 1241 1032
58726 1242 1032
58727 1242 1033
58728 1242 1033
58729 1242 1033
58730 1242 1033
58731 1242 1033
58732 1242 1033
58733 1242 1033
58734 1242 1033
58735 1242 1033
58737 1242 1033
58739 1242 1033
58740 1243 1033
58741 1242 1034
58742 1243 1034
58743 1243 1034
58744 1243 1034
58745 1243 1034
58746 1243 1035
58747 1243 1035
58748 1243 1035
58749 1243 1035
58750 1243 1035
58751 1243 1035
