59040 1251 1048
59041 1251 1047
59042 1252 1048
59043 1251 1048
59044 1252 1048
59045 1251 1048
59046 1251 1048
59047 1252 1049
59048 1252 1049
59049 1252 1048
59050 1252 1048
59051 1252 1049
59052 1252 1048
59053 1252 1048
59054 1252 1048
59055 1252 1048
59056 1252 1048
59057 1252 1048
59058 1252 1048
59059 1252 1049
59060 1252 1048
59061 1252 1048
59062 1252 1048
59063 1252 1049
59064 1252 1049
59065 1252 1048
59066 1252 1048
59067 1252 1048
59068 1252 1049
59069 1252 1049
59070 1252 1048
59071 1252 1048
59072 1252 1048
59073 1252 1048
59074 1252 1048
59075 1252 1048
59076 1252 1048
59077 1252 1048
59078 1252 1048
59079 1252 1048
59080 1252 1049
59081 1252 1049
59082 1252 1049
59083 1252 1049
59084 1252 1048
59085 1252 1048
59086 1252 1048
59087 1252 1048
59088 1252 1048
59089 1252 1048
59090 1252 1049
59091 1253 1049
59092 1253 1049
59093 1253 1049
59094 1253 1049
59095 1253 1049
59096 1253 1049
59097 1253 1049
59098 1253 1049
59099 1253 1049
59100 1253 1050
59101 1253 1049
59102 1253 1049
59103 1253 1049
59104 1253 1049
59105 1253 1049
59106 1253 1050
59107 1254 1050
59108 1254 1050
59109 1253 1050
59110 1254 1050
59111 1254 1050
59112 1254 1050
59113 1253 1050
59114 1253 1050
59115 1253 1050
59116 1254 1049
59117 1254 1049
59118 1254 1050
59119 1254 1049
59120 1253 1049
59121 1254 1050
59122 1254 1050
59123 1254 1049
59124 1254 1049
59125 1253 1049
59126 1254 1049
59127 1254 1049
59128 1253 1049
59129 1254 1049
59130 1254 1049
59131 1253 1049
59132 1253 1049
59133 1254 1049
59134 1254 1049
59135 1253 1049
59136 1254 1049
59137 1254 1049
59139 1250 1043
59140 1254 1049
59141 1254 1049
59142 1254 1049
59143 1254 1049
59144 1254 1049
59145 1254 1050
59146 1254 1049
59147 1254 1049
59148 1254 1049
59149 1254 1049
59150 1254 1049
59151 1253 1049
59152 1254 1049
59153 1254 1049
59154 1254 1049
59155 1254 1049
59156 1254 1050
59157 1254 1049
59158 1254 1050
59159 1253 1049
59160 1254 1049
59161 1253 1050
59162 1254 1050
59163 1254 1049
59164 1254 1049
59165 1254 1050
59166 1254 1050
59167 1254 1050
59168 1254 1050
59169 1254 1050
59170 1254 1050
59171 1254 1049
59172 1254 1050
59173 1253 1050
59174 1253 1050
59175 1254 1049
59176 1254 1050
59177 1253 1050
59178 1253 1050
59179 1253 1049
59180 1254 1049
59181 1254 1050
59182 1254 1050
59183 1253 1050
59184 1254 1050
59185 1254 1050
59186 1254 1050
59187 1254 1050
59188 1254 1050
59189 1254 1050
59190 1254 1050
59191 1254 1049
59192 1254 1050
59193 1254 1050
59194 1253 1049
59195 1254 1050
59196 1253 1050
59197 1253 1049
59198 1253 1049
59199 1254 1049
59200 1254 1050
59201 1254 1050
59202 1254 1050
59203 1253 1050
59204 1254 1049
59205 1254 1049
59206 1254 1050
59207 1254 1050
59208 1254 1050
59209 1253 1050
59210 1253 1050
59211 1253 1049
59212 1253 1049
59213 1253 1050
59214 1253 1049
59215 1253 1049
59216 1253 1049
59217 1253 1049
59218 1253 1049
59219 1254 1049
59220 1253 1049
59221 1253 1049
59222 1253 1049
59223 1253 1049
59224 1254 1049
59225 1253 1050
59226 1254 1049
59227 1253 1050
59228 1253 1049
59229 1253 1049
59230 1253 1050
59231 1253 1049
59232 1253 1049
59236 1253 1049
59237 1254 1049
59238 1254 1049
59239 1253 1050
59241 1253 1050
59242 1253 1049
59243 1253 1050
59244 1253 1050
59245 1253 1049
59246 1253 1049
59247 1253 1050
59248 1253 1049
59249 1253 1050
59250 1253 1050
59251 1253 1050
59252 1253 1050
59253 1253 1050
59254 1254 1050
59255 1253 1050
59256 1253 1050
59257 1253 1050
59258 1250 1050
59259 1254 1050
59260 1253 1050
59261 1253 1050
59262 1254 1050
59263 1254 1050
59264 1253 1050
59265 1253 1050
59266 1253 1050
59267 1253 1050
59268 1253 1050
59269 1253 1050
59270 1253 1050
59271 1254 1050
59273 1253 1050
59274 1253 1050
59275 1253 1051
59276 1253 1051
59278 1253 1045
59279 1253 1051
59280 1254 1051
59281 1253 1051
59282 1253 1050
59283 1253 1051
59284 1253 1050
59285 1253 1049
59286 1253 1050
59287 1254 1049
59288 1254 1050
59289 1254 1050
59290 1254 1050
59291 1254 1050
59292 1254 1050
59293 1254 1050
59294 1253 1049
59295 1254 1050
59296 1253 1050
59297 1253 1049
59298 1253 1050
59299 1254 1049
59300 1253 1049
59301 1254 1050
59302 1253 1050
59303 1253 1050
59304 1253 1050
59305 1254 1050
59306 1253 1050
59307 1254 1050
59308 1253 1050
59309 1253 1049
59310 1254 1050
59311 1254 1049
59312 1253 1049
59313 1253 1050
59314 1253 1049
59315 1253 1049
59316 1253 1050
59317 1253 1050
59318 1253 1050
59319 1253 1050
59320 1253 1050
59321 1253 1050
59322 1254 1050
59323 1253 1050
59324 1253 1050
59325 1253 1050
59326 1253 1050
59327 1253 1050
59328 1253 1050
59329 1252 1049
59330 1247 1047
59331 1236 1043
59332 1223 1039
59333 1216 1034
59334 1208 1027
59335 1199 1019
59336 1182 1004
59337 1150 984
59338 1118 962
59339 1097 950
59340 1087 945
59341 1083 945
59343 1105 951
59344 1125 953
59345 1128 954
59346 1154 956
59347 1183 960
59348 1174 972
59349 1159 993
59350 1149 1352
59351 1036 1486
59352 961 1643
59353 1030 1694
59354 1256 1710
59355 1450 1713
59356 1493 1716
59357 1541 1717
59358 1571 1717
59359 1567 1717
59360 1557 1718
59361 1577 1716
59362 1607 1706
59363 1628 1696
59364 1649 1679
59365 1691 1656
59366 1721 1637
59367 1737 1641
59368 1743 1658
59369 1740 1683
59370 1736 1705
59371 1733 1723
59372 1732 1740
59373 1731 1754
59374 1718 1763
59375 1707 1768
59376 1702 1772
59377 1693 1772
59378 1688 1767
59379 1685 1761
59380 1689 1749
59381 1682 1731
59382 1613 1709
59383 1550 1685
59384 1554 1684
59385 1608 1699
59386 1652 1703
59387 1654 1705
59388 1656 1703
59389 1658 1699
59390 1663 1696
59391 1668 1696
59392 1678 1700
59393 1685 1702
59394 1687 1705
59395 1686 1708
59396 1688 1709
59398 1691 1710
59399 1692 1709
59400 1693 1708
59401 1694 1703
59402 1697 1699
59403 1701 1700
59404 1698 1703
59406 1700 1707
59407 1701 1709
59408 1702 1710
59409 1702 1710
59410 1702 1710
59412 1701 1710
59413 1701 1711
59414 1701 1711
59415 1702 1711
59416 1702 1710
59417 1703 1710
59418 1703 1710
59419 1704 1710
59420 1704 1710
59421 1704 1710
59423 1705 1709
59424 1706 1709
59425 1706 1709
59426 1707 1708
59427 1707 1708
59428 1708 1708
59429 1708 1708
59430 1708 1708
59431 1708 1708
59432 1709 1708
59433 1708 1708
59434 1708 1709
59435 1707 1709
59436 1707 1710
59437 1707 1710
59438 1707 1710
59439 1707 1710
59440 1706 1711
59441 1706 1711
59442 1706 1711
59443 1706 1711
59444 1706 1711
59445 1706 1711
59446 1706 1711
59447 1707 1711
59448 1707 1711
59449 1706 1711
59450 1706 1712
59451 1705 1712
59452 1704 1713
59453 1704 1714
59454 1704 1715
59455 1703 1715
59456 1701 1716
59457 1699 1716
59458 1699 1717
59459 1698 1717
59460 1698 1717
59461 1698 1717
59462 1699 1717
59463 1699 1717
59464 1699 1717
59465 1699 1717
59466 1699 1716
59467 1700 1716
59468 1701 1716
59469 1701 1716
59470 1701 1716
59471 1700 1715
59472 1699 1716
59473 1699 1716
59474 1700 1715
59475 1703 1715
59476 1704 1714
59477 1705 1714
59478 1705 1713
59479 1705 1713
59480 1705 1714
59481 1706 1715
59482 1706 1715
59483 1704 1715
59484 1702 1716
59485 1701 1717
59486 1702 1716
59487 1703 1716
59488 1704 1717
59489 1705 1716
59490 1705 1717
59491 1704 1717
59492 1705 1717
59493 1705 1717
59494 1705 1717
59495 1705 1717
59496 1705 1717
59497 1705 1717
59498 1705 1717
59499 1705 1717
59500 1705 1717
59501 1704 1716
59502 1704 1716
59503 1705 1716
59504 1705 1716
59505 1705 1717
59506 1704 1717
59507 1704 1717
59508 1705 1717
59509 1706 1719
59510 1706 1721
59511 1706 1722
59512 1707 1721
59514 1706 1720
59515 1705 1719
59516 1706 1718
59517 1706 1718
59518 1706 1718
59519 1706 1717
59520 1707 1717
59521 1707 1717
59522 1707 1717
59523 1707 1717
59524 1707 1715
59525 1707 1714
59526 1707 1715
59527 1709 1715
59528 1709 1715
59529 1710 1715
59530 1710 1714
59531 1710 1714
59532 1710 1716
59533 1709 1717
59534 1709 1714
59535 1709 1713
59536 1709 1713
59537 1711 1713
59538 1711 1712
59539 1712 1712
59540 1712 1712
59541 1713 1712
59542 1713 1712
59543 1713 1711
59544 1713 1712
59545 1713 1712
59546 1712 1712
59547 1712 1713
59548 1712 1713
59549 1712 1713
59550 1712 1714
59551 1712 1714
59552 1712 1714
59553 1712 1714
59554 1712 1714
59555 1712 1713
59556 1713 1714
59557 1713 1714
59558 1713 1714
59559 1713 1713
59560 1713 1713
59561 1713 1713
59562 1713 1713
59563 1713 1713
59564 1713 1713
59565 1713 1713
59566 1713 1713
59567 1713 1713
59568 1713 1714
59569 1713 1715
59570 1713 1715
59572 1712 1716
59573 1711 1716
59574 1711 1716
59575 1711 1716
59576 1711 1716
59577 1712 1716
59578 1712 1716
59579 1713 1716
59580 1713 1716
59581 1714 1716
59582 1714 1716
59583 1714 1716
59584 1713 1716
59585 1713 1716
59586 1713 1716
59587 1713 1716
59588 1713 1717
59589 1713 1716
59590 1713 1716
59591 1713 1716
59592 1714 1716
59593 1713 1716
59594 1713 1716
59595 1714 1717
59596 1714 1717
59597 1713 1717
59598 1712 1717
59599 1711 1718
59600 1711 1718
59601 1712 1717
59602 1712 1717
59603 1712 1717
59604 1712 1717
59605 1713 1717
59606 1713 1717
59607 1713 1717
59608 1713 1717
59609 1713 1717
59610 1713 1717
59611 1713 1717
59612 1714 1717
59613 1714 1717
59614 1714 1717
59615 1714 1717
59616 1714 1717
59617 1714 1717
59618 1714 1717
59619 1714 1717
59620 1714 1717
59621 1714 1717
59622 1714 1717
59623 1714 1717
59624 1713 1717
59625 1713 1717
59626 1712 1717
59627 1712 1717
59628 1712 1718
59629 1712 1718
59630 1711 1718
59631 1710 1718
59632 1709 1719
59633 1709 1719
59634 1708 1719
59635 1709 1719
59636 1709 1719
59637 1709 1719
59638 1709 1719
59639 1708 1719
59640 1708 1719
59641 1708 1719
59642 1708 1719
59643 1708 1719
59644 1708 1719
59645 1708 1719
59646 1708 1719
59647 1708 1719
59648 1708 1720
59649 1708 1719
59650 1708 1720
59651 1709 1720
59652 1709 1720
59653 1709 1719
59654 1709 1719
59655 1709 1719
59656 1710 1719
59657 1711 1719
59658 1711 1719
59659 1712 1719
59660 1711 1719
59661 1711 1719
59662 1711 1719
59663 1712 1719
59664 1711 1719
59665 1711 1719
59666 1711 1719
59667 1711 1719
59668 1711 1719
59669 1712 1719
59670 1712 1719
59671 1712 1719
59672 1712 1719
59673 1711 1719
59674 1711 1719
59675 1711 1720
59676 1710 1720
59677 1710 1719
59678 1709 1720
59679 1709 1720
59680 1710 1720
59681 1709 1720
59682 1710 1720
59683 1710 1721
59684 1710 1721
59685 1710 1720
59686 1710 1721
59687 1710 1721
59688 1711 1720
59689 1710 1721
59690 1710 1721
59691 1710 1721
59692 1710 1720
59693 1710 1721
59694 1710 1721
59695 1710 1721
59696 1710 1721
59697 1710 1721
59698 1710 1721
59699 1710 1721
59700 1710 1721
59701 1710 1721
59702 1710 1721
59703 1710 1720
59704 1710 1721
59705 1711 1721
59706 1710 1721
59707 1711 1720
59708 1711 1720
59709 1711 1720
59710 1711 1720
59711 1710 1720
59712 1711 1720
59713 1711 1719
59714 1711 1720
59715 1711 1720
59716 1712 1719
59717 1712 1720
59718 1712 1719
59719 1712 1720
59720 1712 1720
59721 1712 1720
59722 1712 1720
59723 1712 1719
59724 1712 1720
59725 1712 1720
59726 1712 1720
59727 1712 1720
59728 1711 1720
59729 1711 1720
59730 1711 1720
59732 1711 1722
59733 1710 1721
59734 1711 1721
59735 1713 1719
59736 1713 1718
59737 1713 1717
59738 1714 1718
59739 1714 1718
59740 1715 1716
59741 1715 1717
59742 1715 1718
59743 1716 1718
59744 1716 1716
59745 1717 1716
59746 1717 1716
59747 1716 1717
59748 1716 1718
59749 1715 1718
59750 1716 1718
59751 1716 1718
59752 1716 1718
59753 1716 1718
59754 1716 1718
59755 1716 1719
59756 1716 1719
59757 1715 1719
59758 1714 1719
59759 1713 1719
59760 1712 1720
59761 1712 1720
59762 1711 1720
59763 1710 1720
59764 1710 1720
59765 1710 1719
59766 1710 1719
59767 1710 1719
59768 1710 1719
59769 1710 1719
59770 1710 1720
59771 1710 1720
59772 1711 1720
59773 1711 1720
59774 1710 1720
59775 1710 1720
59776 1711 1719
59777 1712 1718
59778 1714 1717
59779 1715 1717
59780 1715 1717
59781 1715 1717
59782 1715 1718
59783 1715 1717
59784 1716 1718
59785 1716 1717
59786 1716 1717
59787 1716 1718
59788 1716 1717
59789 1717 1717
59790 1717 1717
59791 1717 1718
59792 1717 1717
59793 1717 1718
59794 1717 1718
59795 1717 1718
59796 1716 1718
59797 1716 1719
59798 1715 1719
59799 1714 1719
59800 1714 1719
59801 1713 1719
59802 1714 1719
59803 1714 1719
59804 1713 1719
59805 1713 1719
59806 1714 1719
59807 1714 1719
59808 1713 1719
59809 1714 1719
59810 1714 1719
59812 1714 1720
59813 1714 1720
59814 1714 1720
59815 1714 1720
59816 1714 1720
59817 1714 1720
59818 1714 1720
59819 1714 1720
59820 1714 1720
59821 1714 1720
59822 1714 1721
59823 1714 1721
59824 1714 1721
59825 1714 1721
59826 1714 1720
59827 1714 1719
59828 1714 1719
59829 1715 1719
59830 1714 1719
59831 1714 1720
59832 1714 1720
59833 1715 1720
59834 1715 1719
59835 1715 1721
59836 1714 1720
59837 1713 1721
59838 1711 1721
59839 1711 1721
59840 1711 1721
59841 1711 1722
59844 1708 1722
59845 1707 1723
59846 1706 1722
59847 1707 1722
59848 1706 1722
59849 1706 1722
59850 1706 1723
59851 1706 1723
59852 1706 1723
59853 1706 1723
59854 1706 1723
59855 1706 1722
59856 1706 1722
59857 1706 1722
59858 1706 1723
59859 1706 1722
59860 1706 1722
59861 1706 1722
59862 1706 1722
59863 1707 1722
59864 1707 1722
59866 1706 1722
59867 1706 1722
59868 1707 1722
59869 1707 1722
59870 1707 1723
59871 1707 1723
59872 1707 1723
59873 1707 1723
59874 1708 1723
59875 1708 1723
59876 1709 1723
59877 1710 1722
59878 1710 1723
59879 1711 1722
59880 1711 1722
59881 1712 1722
59882 1712 1723
59883 1712 1722
59884 1712 1722
59885 1712 1723
59886 1713 1723
59887 1712 1722
59888 1712 1722
59889 1712 1723
59890 1712 1722
59891 1712 1723
59892 1712 1723
59893 1712 1723
59894 1712 1723
59895 1712 1723
59896 1711 1723
59898 1711 1723
59899 1711 1723
59900 1711 1723
59901 1711 1723
59902 1710 1723
59903 1710 1723
59904 1710 1723
59905 1710 1723
59906 1710 1723
59907 1710 1723
59908 1710 1723
59909 1710 1723
59910 1710 1723
59911 1710 1723
