60290 1704 1722
60291 1706 1725
60292 1706 1727
60293 1707 1727
60294 1709 1727
60295 1710 1727
60296 1711 1728
60297 1711 1727
60298 1711 1728
60299 1711 1729
60300 1710 1728
60301 1709 1728
60302 1708 1729
60303 1708 1729
60304 1708 1729
60305 1708 1730
60306 1709 1730
60307 1710 1730
60308 1711 1729
60309 1713 1729
60310 1713 1728
60311 1714 1728
60312 1715 1727
60313 1715 1727
60314 1716 1727
60315 1717 1727
60316 1717 1727
60317 1718 1727
60318 1718 1728
60319 1718 1728
60320 1719 1728
60321 1719 1729
60322 1719 1729
60323 1718 1729
60324 1719 1729
60326 1719 1730
60327 1720 1729
60328 1720 1729
60329 1720 1729
60330 1720 1729
60333 1720 1727
60334 1720 1726
60335 1721 1725
60336 1721 1726
60337 1722 1726
60338 1722 1726
60339 1722 1725
60340 1722 1725
60341 1722 1725
60342 1722 1726
60343 1722 1726
60344 1721 1727
60345 1721 1729
60346 1721 1729
60347 1722 1730
60348 1723 1729
60349 1724 1728
60350 1724 1728
60352 1724 1728
60353 1724 1728
60356 1721 1730
60357 1719 1731
60360 1717 1732
60361 1716 1732
60362 1717 1732
60363 1718 1732
60364 1718 1732
60365 1718 1732
60366 1718 1732
60367 1718 1732
60368 1718 1732
60369 1718 1731
60370 1718 1730
60371 1719 1729
60372 1719 1730
60373 1721 1729
60374 1722 1730
60375 1723 1730
60376 1723 1731
60377 1723 1730
60379 1724 1730
60380 1724 1730
60381 1724 1730
60382 1724 1730
60383 1724 1730
60384 1724 1731
60385 1725 1730
60386 1725 1731
60387 1725 1730
60388 1725 1730
60389 1725 1730
60390 1725 1730
60391 1725 1731
60392 1726 1731
60393 1725 1731
60394 1725 1731
60395 1725 1731
60396 1724 1732
60397 1724 1732
60398 1724 1732
60399 1724 1732
60400 1724 1732
60401 1724 1732
60402 1723 1732
60403 1723 1732
60404 1724 1732
60405 1723 1732
60406 1723 1732
60407 1723 1732
60408 1723 1732
60409 1722 1732
60410 1722 1733
60411 1722 1733
60412 1722 1733
60413 1722 1733
60414 1722 1733
60415 1722 1733
60416 1721 1733
60417 1721 1734
60418 1722 1734
60419 1723 1734
60420 1722 1734
60421 1721 1734
60422 1721 1734
60423 1722 1733
60424 1723 1733
60425 1723 1733
60426 1723 1733
60427 1722 1734
60428 1721 1733
60429 1721 1733
60430 1720 1733
60432 1719 1732
60433 1720 1733
60434 1720 1733
60435 1720 1733
60436 1720 1733
60437 1720 1734
60438 1720 1733
60439 1721 1733
60440 1721 1733
60441 1722 1733
60442 1722 1733
60443 1723 1733
60444 1723 1733
60445 1723 1734
60447 1723 1733
60448 1723 1734
60449 1723 1734
60450 1723 1734
60451 1723 1734
60452 1722 1734
60453 1722 1734
60454 1722 1734
60455 1723 1734
60456 1723 1734
60457 1722 1734
60458 1722 1734
60459 1723 1734
60460 1723 1734
60461 1722 1734
60462 1722 1734
60463 1722 1734
60464 1721 1734
60465 1721 1734
60466 1721 1734
60467 1721 1734
60468 1721 1734
60469 1722 1734
60470 1722 1734
60471 1722 1734
60473 1723 1734
60474 1723 1734
60475 1723 1734
60476 1724 1734
60477 1723 1734
60478 1724 1734
60479 1724 1734
60480 1724 1734
60481 1724 1734
60482 1725 1734
60483 1725 1734
60484 1726 1734
60485 1726 1733
60486 1726 1734
60487 1726 1733
60488 1726 1733
60489 1727 1733
60490 1726 1733
60491 1727 1733
60492 1726 1733
60493 1726 1733
60494 1726 1733
60495 1727 1733
60496 1727 1733
60497 1726 1733
60498 1727 1733
60499 1727 1732
60500 1727 1732
60501 1727 1732
60502 1727 1732
60503 1727 1731
60504 1727 1732
60505 1727 1732
60506 1727 1732
60507 1727 1732
60508 1727 1732
60509 1727 1732
60510 1727 1732
60511 1727 1732
60512 1727 1732
60513 1727 1732
60514 1727 1732
60515 1727 1731
60516 1727 1731
60517 1727 1731
60518 1727 1731
60519 1728 1731
60520 1728 1731
60521 1728 1731
60522 1728 1732
60523 1728 1732
60524 1728 1732
60525 1728 1732
60526 1728 1732
60527 1729 1732
60528 1729 1732
60529 1729 1732
60530 1729 1732
60531 1729 1732
60532 1729 1732
60533 1729 1732
60534 1729 1732
60535 1729 1732
60536 1729 1732
60537 1729 1732
60538 1729 1732
60539 1730 1732
60540 1730 1732
60541 1730 1732
60542 1730 1732
60543 1730 1732
60544 1730 1731
60545 1731 1731
60546 1731 1732
60547 1731 1732
60548 1731 1732
60549 1731 1732
60550 1731 1731
60551 1731 1732
60552 1731 1731
60553 1731 1732
60554 1731 1732
60555 1731 1732
60556 1731 1732
60557 1732 1732
60558 1731 1732
60559 1732 1732
60560 1732 1732
60561 1732 1732
60562 1732 1732
60563 1733 1732
60564 1733 1732
60565 1733 1732
60566 1732 1732
60567 1732 1732
60568 1732 1732
60569 1731 1732
60570 1732 1733
60571 1731 1732
60572 1731 1733
60573 1731 1733
60574 1731 1733
60575 1731 1733
60576 1731 1733
60577 1731 1733
60578 1731 1734
60579 1731 1734
60580 1731 1734
60581 1731 1734
60582 1731 1734
60583 1731 1734
60584 1731 1734
60585 1731 1734
60586 1731 1734
60587 1731 1734
60588 1731 1734
60589 1731 1734
60590 1731 1734
60591 1731 1734
60592 1731 1734
60593 1731 1734
60594 1731 1734
60595 1731 1734
60596 1731 1734
60597 1731 1734
60599 1731 1734
60600 1731 1734
60601 1731 1734
60603 1731 1734
60604 1731 1734
60610 1730 1734
60611 1730 1734
60612 1729 1733
60613 1730 1734
60614 1730 1734
60615 1730 1735
60616 1730 1735
60617 1730 1735
60618 1729 1735
60619 1730 1735
60620 1729 1735
60621 1729 1735
60622 1729 1735
60623 1729 1735
60624 1728 1735
60625 1728 1735
60626 1728 1735
60627 1728 1735
60629 1728 1735
60630 1728 1735
60631 1729 1735
60632 1729 1735
60633 1729 1735
60634 1729 1735
60635 1729 1734
60636 1725 1734
60637 1720 1733
60638 1717 1732
60639 1709 1733
60640 1696 1734
60642 1692 1736
60643 1698 1738
60644 1706 1739
60645 1715 1740
60646 1723 1749
60647 1730 1761
60648 1739 1771
60649 1744 1774
60650 1745 1774
60651 1743 1773
60653 1749 1769
60654 1761 1755
60655 1785 1678
60657 1825 1415
60658 1821 1356
60659 1719 1162
60660 1509 1029
60661 1238 1053
60662 1171 1007
60663 1110 990
60664 1043 977
60665 978 958
60666 907 927
60667 953 928
60668 945 1010
60669 553 1582
60670 610 1778
60671 1378 1795
60672 1661 1798
60673 1713 1789
60674 1743 1781
60675 1757 1773
60677 1798 1745
60678 1826 1612
60680 1795 1404
60681 1646 1216
60682 1233 1183
60683 1218 1158
60684 1229 1155
60685 1181 1161
60686 1093 1162
60687 1007 1148
60688 1031 1143
60689 838 1375
60690 714 1761
60691 1198 1804
60696 1680 1790
60697 1709 1779
60700 1802 1435
60701 1676 1241
60702 1291 1141
60703 1076 1124
60704 1064 1080
60705 1035 1038
60707 983 1014
60708 941 1010
60709 916 1102
60710 610 1597
60712 1444 1773
60716 1711 1761
60717 1718 1757
60719 1797 1580
60720 1814 1445
60721 1710 1334
60722 1598 1135
60723 1187 1067
60724 1127 1028
60725 1049 981
60726 987 969
60727 954 946
60728 814 943
60729 798 948
60731 510 1676
60733 1170 1769
60734 1528 1773
60735 1662 1776
60736 1691 1774
60737 1711 1778
60739 1756 1770
60740 1788 1718
60741 1812 1531
60742 1748 1420
60743 1513 1294
60745 991 1205
60746 934 1195
60747 893 1189
60748 827 1181
60749 768 1163
60750 766 1203
60751 519 1564
60752 462 1761
60753 901 1778
60754 1494 1773
60755 1632 1764
60756 1661 1742
60757 1686 1735
60758 1705 1733
60759 1730 1706
60760 1768 1545
60761 1794 1409
60762 1768 1330
60763 1672 1129
60764 1296 1068
60766 1030 1014
60768 900 977
60769 838 967
60771 701 1367
60772 478 1756
60774 1318 1807
60775 1428 1805
60776 1522 1796
60779 1756 1751
60780 1811 1625
60781 1832 1489
60782 1805 1402
60783 1676 1219
60784 1267 1142
60785 1168 1095
60786 1123 1049
60787 1071 1015
60788 998 994
60789 910 983
60791 650 1436
60792 456 1762
60793 731 1807
60794 1408 1815
60795 1577 1813
60796 1617 1801
60797 1661 1795
60798 1707 1791
60799 1749 1783
60800 1781 1761
60802 1822 1502
60804 1529 1291
60805 1301 1253
60806 1179 1220
60808 1017 1191
60809 973 1196
60810 969 1206
60811 980 1229
60812 1043 1586
60813 1201 1764
60814 1252 1799
60815 1122 1813
60816 915 1814
60817 683 1814
60818 522 1815
60819 508 1817
60820 706 1813
60821 1274 1801
60822 1646 1754
60823 1743 1533
60824 1700 1392
60825 1430 1210
60826 1010 1171
60828 850 1061
60829 843 1024
60830 819 1001
60831 814 994
60833 589 1403
60834 442 1720
60835 513 1799
60836 825 1817
60837 1026 1820
60841 1583 1796
60842 1695 1773
60843 1788 1614
60844 1820 1461
60845 1761 1307
60846 1490 1124
60847 1197 1097
60848 1117 1045
60849 1043 1006
60850 971 982
60851 842 961
60852 828 968
60854 486 1643
60855 464 1797
60856 1152 1810
60858 1753 1772
60859 1788 1742
60860 1809 1712
60861 1825 1657
60862 1841 1492
60863 1852 1406
60864 1842 1353
60867 1237 992
60868 1143 976
60871 870 941
60873 901 922
60874 677 1389
60879 762 1813
60880 894 1810
60882 1627 1794
60883 1777 1717
60884 1821 1481
60888 1183 1075
60892 842 1072
60894 911 1154
60895 618 1626
60898 1459 1819
60899 1600 1807
60900 1672 1782
60901 1732 1761
60902 1770 1737
60903 1806 1652
60905 1842 1357
60906 1802 1229
60907 1609 1003
60908 1277 1009
60909 1183 976
60910 1167 974
60911 1152 967
60913 922 917
60914 929 931
60915 848 1116
60920 1734 1794
60922 1801 1748
60923 1830 1676
60924 1851 1484
60926 1818 1310
60929 1246 1001
60931 1074 973
60934 906 1008
60936 671 1796
60937 974 1818
60938 1656 1817
60939 1772 1795
60941 1799 1772
60942 1798 1764
60943 1809 1733
60945 1836 1447
60946 1784 1299
60948 1346 1062
60949 1226 1006
60950 1141 1004
60951 1065 994
60953 950 972
60954 909 957
60955 813 1062
60956 891 1540
60957 1029 1706
60958 1389 1733
60959 1665 1753
60960 1733 1754
60961 1760 1750
60962 1775 1749
60963 1778 1747
60964 1770 1747
60965 1756 1750
60966 1742 1750
60967 1731 1745
60969 1730 1734
60970 1730 1730
60971 1731 1731
60972 1731 1733
60973 1730 1733
60974 1730 1732
60975 1737 1728
60976 1743 1724
60977 1744 1721
60978 1743 1719
60979 1742 1716
60980 1742 1716
60981 1743 1716
60982 1745 1716
60983 1747 1716
60984 1749 1717
60985 1750 1718
60987 1752 1719
60988 1753 1720
60989 1753 1720
60990 1753 1720
60991 1753 1721
60992 1753 1721
60993 1753 1721
60994 1753 1721
60995 1752 1722
60996 1751 1722
60997 1752 1722
60998 1752 1722
61000 1751 1723
61001 1751 1723
61003 1752 1723
61006 1752 1724
61007 1752 1725
61008 1752 1725
61009 1752 1725
61010 1752 1725
61011 1752 1725
61012 1752 1725
61013 1752 1726
61014 1751 1726
61015 1751 1726
61016 1751 1727
61017 1751 1727
61018 1750 1728
61019 1750 1728
61020 1749 1727
61021 1750 1730
61022 1750 1730
61023 1750 1730
61024 1750 1730
61025 1751 1731
61026 1751 1731
61027 1751 1731
61028 1751 1731
61031 1750 1731
61032 1751 1731
61033 1751 1731
61034 1751 1731
61035 1751 1731
61036 1751 1731
61037 1751 1731
61038 1751 1731
61039 1751 1731
61040 1751 1731
61041 1751 1731
61042 1751 1731
61043 1752 1731
61044 1751 1732
61045 1751 1732
61046 1752 1732
61047 1751 1732
61048 1752 1732
61049 1752 1732
61050 1752 1732
61051 1752 1732
61052 1752 1732
61053 1753 1732
61056 1751 1730
61057 1753 1731
61058 1753 1732
61059 1753 1732
61060 1753 1732
61061 1753 1732
61062 1753 1732
61063 1753 1732
61064 1754 1732
61065 1753 1732
61066 1754 1732
61067 1754 1732
61068 1754 1732
61069 1754 1733
61070 1753 1732
61071 1753 1732
61072 1753 1733
61073 1753 1733
61074 1753 1733
61075 1753 1733
61076 1753 1733
61077 1753 1733
61078 1752 1733
61079 1752 1733
61080 1752 1733
61081 1752 1733
61082 1752 1733
61085 1752 1733
61086 1752 1733
61087 1752 1733
61088 1752 1733
61089 1752 1733
61090 1752 1733
61091 1752 1733
61092 1752 1733
61093 1752 1733
61094 1753 1733
61095 1753 1732
61096 1753 1732
61097 1753 1732
61098 1753 1733
61099 1753 1733
61100 1753 1733
61103 1751 1733
61104 1751 1733
61105 1750 1733
61106 1751 1733
61107 1751 1733
61108 1751 1733
61109 1751 1733
61110 1751 1732
61111 1751 1733
61112 1751 1732
61113 1751 1732
61114 1752 1732
61115 1752 1732
61116 1752 1733
61117 1753 1733
61118 1753 1733
61119 1754 1733
61121 1754 1733
61122 1754 1733
61123 1754 1734
61124 1754 1734
61125 1754 1734
61126 1754 1734
61127 1754 1734
61128 1754 1734
61129 1754 1734
61130 1754 1734
61131 1754 1734
61132 1754 1734
61133 1754 1734
61134 1754 1734
61135 1755 1734
61136 1754 1732
61137 1755 1734
61138 1755 1734
61139 1755 1734
61140 1755 1734
61141 1755 1734
61142 1755 1734
61143 1755 1734
61144 1755 1734
61145 1755 1734
61146 1756 1734
61147 1756 1733
61148 1756 1734
61149 1756 1734
61150 1756 1734
61151 1756 1734
61152 1756 1734
61153 1756 1734
61154 1756 1735
61155 1757 1732
61156 1757 1732
61157 1756 1733
61158 1757 1734
61159 1756 1734
61160 1756 1734
61161 1756 1734
61162 1757 1734
61163 1757 1734
61164 1757 1735
61165 1757 1735
61168 1756 1735
61169 1756 1735
61170 1756 1734
61171 1756 1734
61172 1755 1734
61173 1755 1734
61174 1755 1734
61175 1755 1734
61176 1755 1734
61177 1755 1735
61178 1755 1735
61179 1755 1735
61180 1755 1735
61181 1755 1735
61182 1755 1736
61183 1755 1736
61184 1755 1736
61185 1755 1736
61186 1755 1736
61187 1756 1736
61188 1756 1736
61189 1756 1735
61190 1756 1735
61191 1756 1735
61192 1757 1735
61193 1757 1736
61194 1756 1736
61195 1756 1736
61197 1754 1735
61198 1756 1736
61199 1756 1736
61200 1756 1736
61201 1756 1737
61202 1756 1737
61203 1756 1737
61204 1756 1737
61205 1756 1737
61206 1756 1737
61207 1756 1738
61208 1756 1738
61209 1756 1737
61210 1756 1738
61211 1755 1738
61212 1755 1738
61213 1755 1737
61214 1755 1737
61215 1754 1737
61216 1755 1736
61217 1754 1736
61218 1755 1737
61219 1755 1737
61220 1755 1737
61221 1754 1737
61224 1754 1737
61225 1755 1738
61226 1755 1738
61227 1755 1738
61228 1755 1738
61229 1755 1739
61230 1754 1739
61231 1754 1739
61232 1753 1739
61233 1753 1739
61234 1753 1739
