62134 1698 1772
62135 1698 1771
62136 1700 1769
62137 1700 1767
62138 1702 1767
62139 1703 1767
62140 1704 1766
62141 1705 1766
62142 1705 1764
62143 1706 1764
62145 1707 1764
62147 1706 1764
62148 1708 1764
62149 1708 1765
62151 1708 1764
62152 1709 1765
62153 1709 1764
62154 1710 1764
62155 1711 1765
62156 1712 1765
62157 1710 1765
62161 1707 1766
62162 1708 1765
62163 1709 1765
62164 1710 1762
62165 1713 1760
62166 1713 1759
62167 1714 1760
62168 1714 1760
62169 1713 1761
62170 1712 1763
62171 1712 1764
62172 1712 1764
62173 1713 1763
62174 1714 1764
62175 1714 1764
62176 1714 1765
62177 1714 1766
62178 1714 1767
62179 1714 1767
62180 1715 1769
62181 1715 1769
62182 1715 1770
62183 1715 1771
62184 1715 1772
62186 1715 1772
62187 1715 1772
62189 1713 1772
62190 1712 1771
62191 1712 1771
62192 1713 1771
62193 1714 1771
62194 1714 1770
62195 1713 1770
62196 1714 1770
62197 1714 1771
62198 1714 1771
62199 1714 1771
62200 1715 1771
62202 1715 1771
62203 1715 1771
62204 1715 1771
62205 1715 1771
62206 1715 1771
62207 1715 1771
62208 1715 1771
62209 1715 1771
62210 1716 1771
62211 1716 1771
62212 1716 1771
62213 1716 1770
62214 1716 1770
62215 1716 1770
62216 1716 1770
62217 1716 1770
62218 1716 1771
62219 1715 1771
62220 1715 1771
62221 1715 1770
62222 1716 1770
62223 1716 1770
62224 1716 1770
62225 1716 1770
62226 1716 1770
62229 1714 1769
62231 1715 1771
62232 1715 1771
62233 1715 1771
62234 1715 1771
62235 1715 1771
62236 1715 1771
62237 1715 1771
62238 1715 1772
62239 1715 1772
62240 1715 1771
62241 1716 1772
62242 1716 1772
62243 1715 1772
62244 1715 1772
62245 1715 1772
62246 1715 1772
62247 1715 1772
62248 1715 1772
62249 1715 1771
62250 1715 1771
62251 1716 1771
62252 1716 1770
62253 1716 1770
62256 1716 1770
62260 1716 1770
62261 1716 1770
62262 1716 1770
62264 1716 1770
62265 1716 1771
62266 1716 1770
62267 1716 1770
62268 1717 1771
62269 1717 1771
62270 1716 1770
62271 1716 1771
62274 1716 1771
62275 1716 1771
62276 1716 1770
62277 1716 1771
62278 1716 1771
62279 1716 1771
62280 1716 1771
62283 1715 1769
62284 1717 1770
62293 1717 1771
62294 1718 1771
62295 1718 1771
62296 1718 1771
62297 1718 1771
62298 1717 1771
62299 1718 1771
62300 1718 1771
62301 1718 1771
62302 1718 1771
62303 1718 1771
62305 1718 1771
62306 1718 1771
62307 1719 1771
62308 1719 1770
62309 1719 1770
62310 1719 1770
62311 1720 1770
62312 1720 1770
62313 1720 1770
62314 1720 1770
62315 1720 1770
62316 1720 1770
62317 1721 1771
62318 1720 1770
62319 1720 1771
62320 1720 1771
62321 1720 1771
62322 1720 1771
62323 1719 1771
62324 1719 1771
62325 1719 1771
62326 1719 1771
62329 1718 1771
62330 1718 1771
62331 1718 1769
62332 1720 1770
62333 1721 1770
62334 1721 1770
62335 1721 1770
62336 1722 1770
62337 1722 1770
62338 1722 1770
62339 1722 1770
62340 1721 1771
62341 1722 1770
62342 1722 1771
62343 1722 1771
62344 1722 1772
62345 1722 1772
62348 1721 1772
62349 1721 1773
62353 1720 1773
62354 1720 1773
62355 1720 1773
62356 1720 1773
62357 1720 1773
62358 1718 1773
62359 1719 1773
62360 1719 1774
62361 1720 1774
62362 1720 1773
62364 1721 1773
62366 1722 1773
62367 1722 1773
62368 1722 1773
62369 1722 1774
62370 1722 1774
62371 1721 1774
62372 1722 1773
62373 1722 1773
62374 1722 1774
62375 1722 1774
62376 1721 1774
62377 1721 1774
62378 1721 1773
62379 1721 1774
62380 1721 1774
62381 1721 1774
62382 1721 1774
62384 1721 1774
62385 1721 1774
62386 1719 1773
62388 1720 1774
62393 1720 1774
62394 1719 1774
62395 1720 1774
62396 1720 1775
62398 1721 1774
62399 1721 1774
62400 1722 1774
62401 1722 1775
62402 1722 1775
62403 1722 1774
62404 1722 1774
62405 1722 1774
62406 1722 1774
62407 1722 1774
62408 1722 1774
62409 1722 1774
62410 1722 1775
62411 1722 1774
62413 1722 1774
62414 1722 1775
62415 1722 1775
62416 1722 1774
62419 1722 1774
62420 1722 1775
62421 1721 1775
62423 1721 1775
62424 1721 1775
62425 1721 1775
62426 1721 1775
62427 1721 1775
62428 1721 1775
62429 1722 1775
62430 1721 1775
62431 1721 1775
62432 1721 1775
62433 1721 1775
62434 1721 1775
62435 1721 1775
62437 1721 1775
62438 1720 1775
62439 1719 1776
62440 1714 1777
62442 1683 1785
62443 1669 1787
62444 1648 1783
62446 1643 1751
62447 1678 1729
62455 1655 1775
62458 1682 1785
62461 1698 1778
62463 1711 1769
62464 1719 1763
62466 1735 1703
62469 1731 1696
62471 1654 1729
62474 1693 1760
62475 1709 1762
62482 1621 1740
62484 1683 1755
62485 1709 1755
62486 1724 1759
62487 1743 1761
62488 1765 1748
62489 1779 1731
62491 1767 1729
62492 1749 1741
62494 1748 1732
62497 1738 1642
62498 1734 1617
62499 1736 1649
62500 1736 1693
62501 1722 1734
62502 1711 1754
62503 1706 1768
62504 1692 1777
62505 1670 1785
62506 1645 1791
62507 1569 1791
62508 1508 1774
62510 1480 1761
62512 1329 1769
62513 1403 1775
62514 1488 1777
62515 1558 1779
62516 1620 1781
62517 1673 1774
62520 1772 1720
62524 1763 1716
62525 1748 1724
62526 1726 1736
62528 1654 1747
62529 1636 1739
62530 1647 1735
62531 1672 1746
62533 1679 1767
62534 1674 1769
62535 1676 1773
62536 1684 1778
62537 1685 1775
62538 1642 1741
62539 1643 1697
62541 1703 1737
62542 1718 1748
62544 1741 1740
62546 1763 1718
62547 1773 1731
62548 1783 1727
62550 1798 1715
62552 1794 1694
62553 1791 1696
62554 1788 1697
62557 1758 1709
62558 1725 1718
62559 1676 1725
62560 1642 1730
62564 1692 1781
62565 1684 1783
62567 1639 1787
62569 1606 1759
62570 1615 1750
62572 1634 1769
62573 1630 1771
62574 1648 1771
62575 1666 1769
62577 1726 1770
62579 1772 1750
62580 1782 1737
62583 1779 1680
62585 1751 1683
62586 1740 1684
62587 1733 1678
62588 1725 1678
62589 1704 1691
62590 1679 1712
62591 1656 1728
62592 1650 1746
62593 1657 1767
62594 1666 1778
62595 1665 1782
62596 1660 1784
62597 1664 1786
62598 1669 1779
62599 1680 1758
62600 1687 1753
62601 1703 1753
62604 1742 1763
62605 1754 1765
62606 1765 1762
62607 1770 1762
62609 1788 1755
62610 1800 1750
62612 1806 1731
62613 1801 1730
62614 1796 1727
62615 1793 1725
62616 1787 1732
62617 1779 1733
62618 1770 1725
62619 1751 1715
62620 1723 1686
62622 1667 1658
62623 1681 1720
62624 1701 1752
62625 1716 1759
62626 1714 1761
62627 1691 1767
62628 1658 1765
62629 1667 1731
62630 1684 1734
62631 1698 1735
62632 1719 1748
62633 1728 1753
62634 1737 1752
62635 1745 1753
62636 1762 1754
62637 1781 1747
62639 1788 1664
62641 1795 1657
62644 1777 1671
62645 1767 1682
62647 1751 1691
62648 1743 1687
62649 1725 1673
62650 1683 1661
62651 1646 1654
62652 1651 1683
62653 1672 1714
62655 1698 1747
62658 1658 1769
62659 1622 1768
62661 1586 1729
62663 1652 1728
62664 1699 1727
62665 1732 1717
62666 1751 1711
62667 1762 1673
62668 1769 1668
62669 1774 1674
62670 1778 1677
62671 1783 1679
62672 1785 1673
62673 1783 1657
62674 1776 1651
62675 1771 1643
62676 1769 1647
62677 1763 1658
62678 1754 1673
62679 1739 1680
62680 1710 1684
62681 1680 1676
62682 1667 1679
62683 1630 1651
62684 1623 1669
62685 1653 1721
62686 1655 1733
62687 1649 1736
62688 1625 1747
62689 1599 1759
62690 1585 1756
62691 1547 1724
62692 1521 1703
62693 1534 1713
62694 1590 1734
62695 1655 1751
62696 1681 1750
62697 1699 1752
62698 1709 1758
62699 1722 1759
62700 1740 1753
62701 1754 1750
62702 1765 1746
62703 1773 1737
62704 1772 1734
62705 1768 1712
62706 1767 1681
62707 1772 1661
62709 1770 1619
62710 1760 1632
62711 1743 1642
62714 1709 1653
62715 1715 1714
62716 1719 1757
62717 1716 1764
62718 1712 1764
62719 1716 1766
62720 1715 1764
62721 1724 1730
62722 1726 1701
62723 1710 1729
62724 1704 1741
62725 1706 1742
62726 1713 1740
62728 1737 1740
62731 1774 1730
62732 1785 1677
62733 1789 1642
62734 1790 1647
62735 1787 1659
62736 1779 1679
62737 1774 1697
62739 1747 1728
62741 1715 1731
62742 1708 1721
62743 1677 1694
62744 1636 1659
62748 1650 1759
62750 1658 1766
62752 1687 1757
62753 1689 1750
62754 1688 1750
62758 1618 1755
62760 1634 1754
62761 1646 1753
62762 1652 1751
62763 1649 1751
62764 1653 1749
62765 1663 1746
62766 1674 1743
62768 1691 1746
62769 1694 1746
62770 1695 1745
62771 1700 1739
62772 1708 1733
62773 1716 1727
62774 1720 1725
62775 1723 1724
62776 1727 1723
62777 1730 1722
62778 1732 1723
62779 1733 1723
62780 1732 1726
62781 1732 1731
62782 1731 1734
62783 1731 1735
62784 1731 1737
62788 1729 1743
62789 1728 1743
62790 1730 1743
62791 1731 1743
62792 1731 1743
62793 1732 1743
62794 1732 1743
62795 1731 1744
62796 1731 1745
62797 1729 1746
62798 1725 1746
62799 1724 1748
62800 1724 1748
62801 1725 1748
62802 1725 1748
62803 1726 1747
62804 1727 1746
62805 1727 1746
62806 1727 1747
62808 1726 1747
62809 1725 1747
62812 1723 1746
62814 1723 1749
62815 1722 1749
62817 1721 1751
62818 1722 1751
62819 1722 1751
62821 1722 1752
62822 1721 1752
62824 1719 1753
62825 1719 1753
62826 1720 1753
62827 1721 1752
62828 1721 1752
62829 1720 1752
62830 1721 1752
62831 1722 1752
62832 1722 1752
62833 1723 1752
62834 1723 1753
62836 1724 1753
62837 1724 1754
62838 1725 1754
62840 1724 1755
62841 1724 1755
62842 1724 1756
62845 1723 1756
62846 1724 1757
62847 1724 1756
62848 1724 1757
62850 1724 1756
62851 1726 1757
62852 1726 1757
62853 1726 1757
62855 1726 1757
62856 1726 1757
62857 1726 1757
62858 1726 1757
62859 1725 1757
62860 1726 1757
62862 1726 1758
62863 1726 1758
62864 1725 1758
62865 1724 1759
62866 1724 1759
62867 1723 1760
62868 1723 1760
62869 1722 1760
62870 1723 1760
62871 1724 1759
62873 1725 1759
62875 1724 1759
62876 1724 1760
62877 1723 1760
62878 1722 1760
62879 1721 1760
62880 1720 1760
62883 1719 1761
62884 1719 1761
62885 1718 1761
62886 1718 1761
62887 1718 1761
62888 1718 1761
62889 1718 1761
62890 1718 1761
62892 1719 1760
62893 1720 1760
62894 1721 1760
62895 1721 1760
62896 1722 1760
62897 1722 1760
62898 1722 1760
62899 1723 1760
62900 1723 1760
62901 1723 1760
62902 1723 1760
62903 1723 1760
62904 1722 1761
62905 1722 1761
62906 1721 1761
62908 1720 1760
62909 1721 1761
62910 1721 1761
62911 1721 1761
62912 1720 1762
62913 1720 1761
62914 1720 1762
62915 1720 1762
62916 1720 1762
62917 1720 1762
62918 1721 1762
62919 1721 1762
62920 1721 1762
62921 1721 1762
62922 1721 1762
62923 1721 1762
62924 1721 1762
62925 1722 1762
62926 1722 1762
62927 1722 1761
62928 1723 1761
62929 1723 1761
62930 1723 1761
62931 1723 1761
62932 1724 1761
62934 1724 1761
62935 1724 1761
62936 1724 1761
62937 1724 1761
62938 1725 1761
62939 1725 1760
62940 1726 1761
62941 1726 1761
62942 1726 1760
62943 1726 1760
62944 1726 1760
62947 1726 1761
62948 1725 1761
62949 1725 1762
62950 1725 1762
62954 1722 1763
62955 1722 1762
62956 1723 1762
62957 1723 1761
62958 1724 1761
62959 1723 1760
62960 1725 1761
62961 1725 1760
62962 1725 1761
62963 1725 1761
62964 1724 1761
62965 1724 1761
62966 1724 1761
62967 1723 1762
62968 1723 1762
62969 1723 1762
62970 1724 1761
62971 1724 1762
62972 1724 1761
62973 1724 1761
62974 1725 1762
62975 1725 1762
62976 1726 1761
62977 1727 1761
62978 1728 1761
62979 1728 1761
62980 1728 1761
62981 1729 1761
62982 1729 1761
62983 1729 1760
62984 1729 1761
62985 1728 1761
62986 1728 1761
62987 1728 1761
62988 1729 1760
62989 1729 1760
62990 1730 1760
62991 1730 1760
62992 1730 1760
62993 1730 1760
62994 1730 1760
62995 1730 1760
62996 1730 1760
62997 1731 1761
62998 1730 1761
62999 1730 1761
63000 1730 1761
63001 1730 1761
63002 1730 1761
63003 1729 1761
63004 1729 1761
63005 1730 1761
63006 1730 1761
63007 1730 1762
63009 1730 1761
63010 1730 1761
63011 1730 1761
63012 1730 1761
63013 1730 1761
63014 1730 1761
63015 1729 1761
63016 1729 1762
63017 1729 1761
63018 1729 1761
63019 1729 1761
63020 1729 1761
63021 1728 1761
63022 1727 1762
63023 1727 1762
63025 1725 1763
63026 1725 1762
63027 1721 1762
63028 1719 1763
63029 1718 1763
