51846 1648 1713
51847 1654 1709
51848 1662 1701
51849 1671 1696
51850 1680 1689
51851 1687 1681
51852 1694 1676
51853 1698 1675
51854 1700 1675
51855 1703 1671
51856 1707 1661
51858 1715 1623
51859 1717 1614
51860 1719 1600
51861 1721 1588
51862 1722 1572
51863 1723 1561
51864 1724 1555
51865 1724 1551
51866 1724 1553
51867 1723 1560
51868 1722 1564
51871 1718 1599
51872 1716 1605
51873 1714 1611
51874 1714 1615
51875 1714 1617
51876 1713 1619
51877 1713 1621
51878 1713 1623
51879 1713 1627
51880 1712 1631
51881 1711 1636
51882 1710 1640
51883 1708 1644
51884 1707 1647
51885 1707 1650
51887 1706 1652
51888 1706 1654
51889 1706 1655
51890 1706 1657
51891 1705 1659
51893 1701 1665
51894 1699 1669
51895 1699 1671
51896 1699 1672
51897 1699 1673
51898 1698 1675
51899 1699 1676
51900 1699 1676
51901 1698 1677
51902 1698 1677
51903 1698 1678
51904 1698 1678
51905 1698 1678
51906 1698 1679
51907 1698 1679
51908 1698 1678
51909 1699 1677
51910 1699 1677
51911 1699 1677
51912 1699 1677
51913 1699 1677
51914 1698 1679
51915 1698 1680
51916 1697 1681
51917 1695 1683
51918 1694 1684
51919 1691 1686
51920 1688 1688
51921 1687 1689
51922 1686 1690
51923 1686 1690
51924 1686 1690
51925 1685 1690
51926 1684 1690
51927 1684 1690
51928 1684 1690
51929 1685 1689
51930 1686 1689
51931 1687 1688
51932 1688 1687
51933 1688 1687
51934 1688 1686
51935 1688 1686
51936 1689 1685
51937 1690 1684
51938 1691 1682
51939 1692 1679
51940 1693 1678
51941 1693 1678
51942 1692 1679
51943 1692 1680
51944 1692 1680
51945 1693 1679
51946 1693 1679
51947 1693 1678
51948 1694 1677
51950 1696 1675
51951 1697 1674
51952 1697 1674
51953 1697 1674
51954 1698 1674
51955 1698 1674
51956 1698 1674
51957 1698 1675
51958 1697 1677
51959 1695 1680
51960 1694 1682
51961 1693 1683
51962 1693 1684
51963 1692 1685
51964 1691 1686
51965 1689 1688
51966 1688 1691
51967 1686 1692
51968 1685 1694
51969 1684 1694
51970 1683 1695
51971 1682 1695
51972 1679 1695
51973 1674 1695
51974 1671 1696
51975 1670 1696
51976 1668 1696
51977 1665 1696
51978 1661 1696
51979 1658 1697
51980 1655 1698
51981 1652 1698
51982 1652 1699
51983 1652 1699
51984 1651 1698
51985 1651 1698
51986 1651 1699
51987 1653 1698
51988 1653 1698
51989 1654 1698
51990 1656 1698
51991 1658 1698
51992 1660 1697
51993 1664 1696
51994 1667 1695
51995 1670 1695
51996 1673 1695
51997 1676 1692
51998 1678 1691
51999 1680 1690
52000 1682 1688
52001 1686 1684
52002 1690 1677
52003 1695 1670
52004 1698 1663
52005 1699 1662
52006 1700 1664
52007 1700 1667
52008 1700 1668
52009 1700 1671
52010 1699 1674
52011 1698 1675
52012 1697 1677
52013 1697 1679
52014 1697 1681
52015 1697 1681
52016 1696 1681
52017 1696 1683
52018 1696 1683
52019 1696 1684
52020 1695 1685
52021 1696 1685
52022 1696 1685
52023 1696 1685
52024 1697 1685
52025 1697 1685
52026 1697 1685
52027 1697 1685
52028 1698 1684
52029 1699 1684
52030 1700 1682
52031 1701 1681
52032 1701 1680
52033 1702 1679
52034 1702 1678
52035 1703 1678
52036 1703 1677
52037 1703 1677
52038 1703 1678
52039 1702 1677
52040 1703 1677
52041 1703 1677
52042 1703 1677
52043 1703 1676
52044 1703 1676
52045 1704 1674
52046 1703 1675
52047 1704 1675
52048 1703 1674
52050 1704 1674
52051 1704 1674
52052 1703 1674
52054 1704 1675
52055 1704 1673
52057 1706 1669
52058 1706 1670
52059 1706 1670
52060 1705 1672
52061 1705 1674
52062 1704 1676
52063 1703 1677
52064 1702 1678
52065 1700 1680
52066 1699 1681
52067 1699 1681
52070 1700 1679
52071 1700 1680
52072 1700 1681
52073 1700 1681
52074 1699 1682
52075 1699 1683
52076 1699 1684
52077 1698 1685
52078 1697 1686
52079 1696 1688
52080 1695 1689
52082 1693 1692
52083 1691 1694
52084 1689 1696
52085 1688 1696
52086 1688 1697
52087 1688 1697
52088 1689 1697
52089 1689 1698
52090 1690 1698
52091 1690 1698
52092 1690 1697
52093 1691 1698
52094 1690 1697
52096 1690 1698
52097 1690 1698
52098 1690 1697
52099 1690 1698
52100 1690 1697
52101 1690 1698
52102 1690 1697
52103 1690 1697
52104 1690 1696
52105 1691 1695
52106 1692 1695
52107 1694 1695
52108 1694 1694
52109 1694 1694
52110 1694 1694
52112 1694 1696
52113 1694 1697
52114 1693 1697
52115 1693 1698
52116 1693 1698
52117 1693 1698
52118 1693 1698
52119 1693 1697
52120 1694 1696
52121 1695 1695
52122 1695 1692
52123 1696 1691
52124 1696 1691
52125 1696 1690
52126 1697 1690
52127 1696 1690
52128 1696 1690
52129 1696 1691
52130 1696 1691
52131 1695 1691
52132 1695 1692
52133 1693 1695
52134 1692 1696
52135 1691 1697
52136 1691 1698
52137 1691 1699
52138 1692 1698
52139 1693 1697
52140 1694 1696
52141 1695 1696
52142 1696 1695
52143 1697 1694
52144 1697 1694
52146 1696 1695
52147 1695 1696
52148 1693 1695
52149 1693 1697
52150 1693 1697
52151 1693 1697
52152 1693 1696
52153 1693 1695
52154 1695 1695
52155 1695 1695
52156 1696 1695
52157 1696 1695
52158 1696 1695
52159 1696 1695
52160 1696 1695
52161 1696 1696
52162 1695 1696
52163 1695 1696
52164 1695 1696
52165 1695 1695
52166 1697 1694
52167 1697 1693
52168 1698 1693
52169 1698 1693
52170 1698 1694
52171 1697 1695
52172 1697 1694
52174 1696 1695
52175 1696 1695
52179 1696 1693
52180 1697 1693
52181 1698 1691
52182 1698 1689
52183 1699 1688
52184 1699 1686
52185 1699 1686
52186 1699 1687
52188 1699 1690
52189 1698 1691
52190 1699 1693
52191 1699 1695
52192 1699 1695
52193 1699 1695
52194 1698 1695
52195 1698 1696
52196 1698 1696
52197 1696 1698
52198 1693 1699
52199 1691 1700
52200 1690 1701
52201 1690 1700
52202 1691 1700
52203 1694 1697
52204 1695 1695
52206 1694 1695
52207 1692 1696
52209 1691 1696
52210 1692 1698
52211 1693 1699
52212 1695 1697
52213 1699 1683
52214 1706 1585
52215 1711 1388
52217 1720 1135
52218 1722 1120
52219 1732 1125
52220 1750 1155
52221 1784 1234
52222 1798 1255
52223 1698 1005
52224 1241 814
52225 936 618
52226 922 539
52228 834 412
52229 982 389
52230 1595 468
52231 1751 666
52232 1705 1031
52233 1650 934
52234 1526 815
52235 1244 768
52236 1214 744
52237 1510 669
52238 1599 741
52239 1638 1348
52240 1639 1326
52241 1643 1180
52242 1643 934
52243 1657 806
52244 1666 782
52245 1678 769
52246 1691 768
52247 1776 886
52248 1804 1009
52249 1757 768
52250 1366 597
52251 899 411
52252 859 396
52253 911 370
52254 868 328
52255 962 315
52256 1266 354
52257 1737 416
52258 1734 1115
52259 1699 1113
52260 1540 1166
52261 1412 1253
52262 1318 1536
52263 1346 1646
52264 1521 1662
52265 1539 1640
52266 1556 1652
52267 1564 1670
52268 1567 1680
52269 1558 1685
52270 1534 1698
52271 1504 1704
52272 1505 1661
52273 1594 1289
52274 1666 1084
52275 1730 983
52276 1781 989
52277 1796 1028
52278 1753 829
52279 1297 686
52280 734 472
52281 779 450
52282 894 391
52283 919 352
52284 999 336
52285 1485 367
52286 1754 573
52287 1731 1300
52288 1645 1372
52289 1511 1328
52290 1353 1480
52291 1276 1605
52292 1137 1664
52293 1304 1679
52294 1358 1685
52295 1349 1693
52296 1273 1699
52297 1279 1703
52298 1308 1704
52299 1354 1705
52300 1395 1707
52301 1427 1704
52302 1457 1690
52303 1512 1542
52304 1590 1179
52305 1621 1059
52306 1698 986
52307 1769 1024
52308 1787 1055
52309 1729 862
52310 1209 661
52311 761 454
52312 745 416
52313 793 390
52314 831 347
52315 952 314
52316 1470 359
52317 1682 656
52318 1696 1477
52320 1443 1463
52321 1387 1384
52322 1397 1528
52323 1458 1630
52324 1502 1637
52325 1534 1590
52326 1537 1594
52327 1549 1607
52328 1557 1619
52329 1558 1619
52330 1566 1615
52331 1569 1619
52332 1572 1608
52333 1571 1567
52334 1575 1430
52335 1593 1012
52336 1567 842
52337 1531 758
52338 1626 695
52339 1756 772
52342 1651 567
52343 1105 359
52344 765 303
52345 769 315
52346 760 283
52347 789 238
52348 913 214
52349 1535 274
52350 1697 776
52352 1620 1525
52353 1467 1131
52354 1411 1112
52355 1421 1427
52356 1467 1577
52357 1529 1523
52358 1558 1349
52359 1563 1302
52360 1577 1261
52361 1586 1140
52362 1586 1124
52363 1593 1202
52364 1582 1306
52365 1582 1358
52366 1583 1360
52367 1582 1361
52368 1580 1356
52369 1586 1363
52370 1605 1436
52371 1612 1505
52372 1607 1491
52373 1622 1124
52374 1635 855
52375 1643 780
52376 1719 731
52377 1782 802
52378 1789 831
52379 1694 637
52380 1127 389
52381 724 261
52382 836 245
52383 887 218
52384 901 200
52385 1075 201
52386 1674 198
52387 1734 690
52388 1710 1465
52389 1640 1561
52390 1528 1498
52391 1462 1519
52392 1467 1595
52393 1499 1637
52394 1567 1639
52395 1587 1643
52396 1582 1656
52397 1525 1672
52398 1483 1686
52399 1501 1687
52400 1515 1688
52401 1518 1691
52402 1518 1694
52403 1524 1696
52404 1524 1696
52405 1522 1697
52406 1523 1697
52407 1513 1699
52408 1481 1700
52409 1466 1702
52410 1469 1699
52411 1535 1615
52412 1637 1236
52413 1671 1090
52414 1739 1009
52415 1784 1019
52416 1782 936
52417 1611 742
52418 1044 487
52419 857 370
52420 914 319
52421 926 281
52422 964 239
52423 1268 241
52424 1714 284
52425 1660 1447
52426 1693 1563
52427 1587 1479
52428 1522 1420
52429 1523 1599
52430 1553 1654
52431 1553 1650
52432 1547 1630
52433 1539 1643
52434 1557 1656
52435 1569 1664
52436 1574 1670
52437 1577 1676
52438 1578 1680
52439 1579 1681
52440 1581 1672
52441 1591 1593
52442 1612 1279
52443 1601 1115
52444 1563 1020
52445 1680 965
52446 1783 959
52447 1791 925
52448 1683 806
52449 1148 536
52450 849 374
52451 929 354
52452 895 323
52453 922 289
52454 1173 320
52455 1713 357
52457 1709 1303
52458 1625 1381
52459 1538 1373
52460 1507 1602
52461 1492 1665
52462 1491 1682
52463 1553 1674
52464 1562 1676
52465 1565 1686
52466 1571 1692
52467 1579 1695
52468 1578 1700
52469 1580 1703
52470 1584 1704
52471 1587 1703
52472 1596 1700
52473 1605 1695
52474 1613 1687
52475 1624 1676
52476 1629 1672
52477 1632 1666
52478 1633 1666
52479 1634 1668
52480 1637 1669
52481 1638 1669
52482 1640 1669
52483 1641 1672
52484 1639 1679
52485 1635 1686
52486 1625 1694
52487 1619 1700
52488 1598 1705
52489 1589 1708
52490 1608 1690
52491 1646 1413
52492 1679 1202
52493 1739 1110
52494 1785 1078
52495 1793 1047
52496 1674 890
52497 1117 599
52498 762 429
52499 887 414
52500 897 381
52501 856 327
52502 1157 337
52503 1700 362
52504 1702 1514
52506 1646 1579
52507 1555 1565
52508 1526 1645
52509 1502 1688
52510 1506 1706
52511 1587 1696
52512 1609 1688
52513 1617 1687
52514 1616 1685
52515 1627 1667
52516 1632 1664
52517 1633 1674
52518 1636 1677
52519 1645 1676
52520 1652 1673
52521 1656 1661
52522 1659 1647
52523 1661 1637
52524 1664 1634
52525 1667 1637
52526 1669 1644
52527 1669 1652
52528 1669 1663
52529 1666 1672
52530 1663 1680
52531 1663 1686
52532 1663 1686
52533 1662 1687
52534 1664 1689
52535 1664 1691
52536 1663 1691
52537 1665 1692
52538 1667 1694
52539 1669 1695
52540 1668 1693
52541 1669 1692
52542 1673 1688
52543 1675 1685
52544 1677 1681
52545 1679 1676
52546 1680 1671
52547 1681 1668
52548 1683 1663
52549 1684 1661
52550 1685 1658
52551 1685 1655
52552 1685 1652
52553 1686 1648
52554 1687 1645
52555 1687 1644
52556 1688 1643
52557 1688 1644
52558 1688 1646
52559 1687 1648
52560 1687 1649
52561 1688 1649
52562 1689 1649
52563 1689 1649
52564 1690 1649
52565 1690 1649
52566 1691 1647
52567 1693 1642
52568 1695 1632
52569 1696 1621
52570 1698 1611
52571 1700 1603
52572 1701 1603
52573 1701 1600
52574 1702 1597
52575 1703 1596
52576 1704 1591
52577 1705 1583
52578 1706 1574
52579 1707 1567
52580 1708 1564
52581 1709 1554
52582 1710 1542
52583 1710 1538
52584 1710 1535
52585 1712 1538
52586 1712 1536
52587 1713 1532
52588 1714 1530
52589 1714 1529
52591 1713 1525
52592 1713 1528
52593 1714 1531
52595 1713 1533
52596 1713 1536
52597 1711 1539
52598 1714 1542
52600 1714 1545
52601 1713 1547
52602 1714 1547
52603 1714 1548
52604 1714 1550
52605 1714 1551
52607 1715 1554
52608 1715 1553
52609 1715 1552
52610 1715 1552
52611 1716 1553
52612 1716 1555
52613 1716 1555
52614 1716 1554
52615 1716 1551
52616 1717 1547
52617 1718 1539
52618 1718 1532
52619 1718 1535
52620 1719 1538
52621 1719 1538
52622 1720 1537
52623 1720 1534
52624 1721 1525
52625 1721 1514
52626 1722 1513
52627 1722 1515
52628 1722 1518
52629 1722 1517
52630 1723 1520
52631 1722 1524
52632 1722 1526
52633 1722 1533
52634 1722 1537
52635 1723 1537
52636 1723 1537
52637 1722 1534
52638 1723 1531
52639 1723 1526
52640 1723 1517
52641 1723 1516
52642 1723 1517
52643 1723 1519
52644 1723 1521
52645 1723 1522
52646 1723 1522
52647 1723 1523
52648 1723 1524
52649 1723 1526
52650 1723 1527
52651 1723 1528
52652 1724 1530
52653 1724 1529
52654 1724 1527
52655 1724 1525
52656 1724 1524
52657 1725 1519
52658 1725 1514
52659 1725 1514
52660 1725 1512
52661 1726 1510
52662 1726 1511
52664 1726 1511
52665 1726 1517
52666 1727 1521
52667 1727 1516
52668 1727 1509
52669 1727 1506
52670 1728 1507
52672 1728 1508
52673 1728 1506
52674 1728 1502
52675 1728 1501
52676 1728 1501
52677 1729 1501
52679 1729 1492
52680 1729 1476
52681 1729 1463
52682 1729 1463
52683 1729 1464
52684 1729 1463
52685 1730 1461
52687 1730 1442
52688 1730 1444
52689 1729 1453
52690 1729 1456
52691 1729 1460
52692 1729 1470
52693 1729 1480
52694 1728 1485
52695 1727 1494
52696 1727 1498
52697 1727 1509
52698 1725 1524
52699 1725 1538
52700 1724 1548
52701 1723 1557
52702 1722 1563
52703 1721 1571
52704 1720 1580
52705 1718 1586
52706 1717 1590
52707 1715 1593
52708 1714 1597
52709 1712 1601
52710 1710 1603
52711 1708 1606
52712 1706 1612
52713 1703 1617
52714 1700 1618
52715 1699 1620
52716 1699 1621
52717 1699 1623
52718 1699 1624
52719 1697 1627
52720 1697 1631
52721 1698 1635
52722 1698 1637
52723 1698 1638
52724 1698 1638
52725 1698 1639
52726 1698 1638
52727 1700 1640
52728 1700 1639
52729 1701 1640
52730 1702 1639
52731 1703 1639
52732 1703 1639
52733 1701 1641
52734 1702 1641
52735 1702 1642
52736 1703 1642
52737 1703 1642
52738 1704 1641
52739 1704 1641
52740 1704 1642
52741 1703 1643
52742 1703 1645
52744 1699 1651
52745 1696 1653
52747 1689 1659
52748 1685 1662
52749 1682 1666
52750 1678 1670
52751 1673 1673
52752 1670 1676
52753 1669 1679
52754 1668 1683
52755 1668 1686
52757 1670 1687
52758 1671 1689
52759 1672 1690
52760 1672 1691
