50342 1720 1620
50343 1720 1626
50344 1720 1629
50345 1721 1630
50346 1721 1631
50347 1721 1632
50348 1721 1632
50349 1721 1634
50350 1720 1637
50351 1720 1638
50352 1719 1641
50353 1718 1644
50354 1718 1644
50355 1719 1644
50356 1718 1644
50357 1718 1644
50358 1719 1644
50359 1719 1642
50360 1719 1639
50361 1720 1637
50362 1721 1636
50363 1721 1636
50364 1721 1637
50365 1721 1636
50366 1721 1635
50367 1722 1635
50368 1722 1635
50369 1723 1633
50370 1724 1631
50371 1725 1627
50372 1725 1622
50373 1727 1619
50374 1727 1615
50375 1728 1614
50376 1728 1614
50377 1729 1613
50378 1729 1614
50379 1729 1615
50380 1729 1618
50381 1729 1619
50383 1726 1619
50384 1728 1626
50385 1728 1627
50386 1728 1628
50387 1727 1629
50388 1727 1631
50389 1726 1631
50390 1726 1634
50391 1725 1637
50392 1725 1640
50393 1725 1642
50394 1725 1643
50395 1725 1644
50396 1726 1642
50397 1726 1640
50398 1726 1639
50399 1725 1640
50400 1724 1645
50401 1724 1648
50402 1724 1650
50403 1725 1649
50404 1725 1649
50405 1724 1650
50406 1724 1651
50407 1724 1652
50408 1725 1652
50409 1726 1653
50410 1726 1652
50411 1725 1650
50412 1724 1649
50413 1722 1650
50414 1722 1650
50415 1721 1650
50416 1721 1651
50417 1722 1652
50418 1721 1653
50419 1721 1652
50420 1721 1652
50421 1722 1653
50422 1722 1653
50423 1723 1653
50424 1723 1654
50425 1723 1652
50426 1724 1647
50427 1724 1642
50428 1724 1636
50429 1724 1632
50430 1723 1634
50431 1723 1631
50432 1723 1619
50433 1724 1606
50434 1725 1595
50435 1725 1596
50436 1725 1597
50437 1725 1582
50438 1725 1550
50439 1726 1547
50440 1725 1561
50441 1725 1574
50442 1726 1585
50443 1725 1588
50444 1724 1590
50445 1724 1597
50446 1724 1610
50447 1724 1619
50448 1724 1625
50449 1726 1628
50450 1726 1630
50451 1727 1632
50452 1727 1637
50453 1727 1639
50454 1726 1643
50455 1728 1648
50456 1728 1652
50457 1729 1652
50458 1729 1653
50459 1729 1655
50460 1730 1656
50461 1731 1657
50462 1731 1657
50463 1731 1658
50464 1731 1658
50465 1731 1659
50466 1731 1659
50467 1731 1659
50468 1731 1660
50469 1731 1662
50470 1731 1664
50471 1730 1665
50472 1730 1665
50473 1730 1665
50474 1730 1665
50475 1730 1665
50476 1730 1664
50477 1729 1662
50478 1729 1661
50479 1729 1660
50480 1729 1659
50481 1729 1656
50482 1729 1654
50483 1729 1655
50484 1729 1659
50485 1729 1662
50486 1730 1664
50487 1730 1664
50488 1731 1665
50489 1732 1662
50490 1732 1660
50491 1732 1662
50492 1732 1665
50493 1732 1668
50494 1734 1668
50495 1734 1669
50496 1735 1670
50497 1735 1672
50498 1736 1673
50499 1737 1673
50500 1737 1673
50501 1738 1674
50502 1739 1673
50503 1739 1672
50504 1740 1670
50505 1740 1669
50506 1740 1669
50507 1739 1669
50508 1740 1669
50509 1739 1668
50510 1739 1666
50511 1739 1663
50512 1738 1660
50513 1737 1655
50515 1736 1648
50516 1735 1646
50517 1733 1633
50518 1732 1629
50519 1730 1628
50520 1729 1623
50521 1729 1616
50522 1728 1612
50523 1726 1612
50524 1724 1602
50525 1722 1585
50526 1721 1578
50527 1719 1578
50528 1719 1579
50529 1718 1574
50530 1718 1569
50531 1715 1571
50532 1713 1584
50533 1710 1589
50534 1708 1590
50535 1704 1594
50536 1703 1596
50537 1703 1602
50538 1704 1606
50539 1704 1601
50540 1705 1588
50541 1705 1582
50542 1706 1580
50543 1707 1577
50544 1707 1577
50545 1707 1582
50546 1707 1588
50547 1707 1590
50548 1707 1591
50549 1708 1592
50550 1709 1596
50551 1710 1601
50552 1711 1606
50553 1712 1612
50554 1714 1615
50555 1714 1620
50556 1714 1622
50557 1715 1622
50558 1716 1623
50559 1716 1625
50560 1717 1626
50561 1717 1627
50562 1719 1627
50563 1719 1626
50564 1718 1624
50565 1719 1622
50566 1719 1620
50567 1719 1619
50568 1720 1620
50569 1719 1621
50570 1719 1625
50571 1720 1630
50572 1719 1635
50573 1720 1638
50574 1721 1640
50575 1723 1640
50576 1724 1638
50577 1725 1638
50578 1725 1637
50579 1726 1640
50580 1726 1643
50581 1726 1644
50582 1726 1646
50583 1726 1650
50584 1726 1654
50585 1727 1658
50586 1727 1660
50587 1728 1661
50588 1729 1661
50589 1729 1661
50590 1730 1660
50591 1730 1661
50593 1732 1659
50594 1733 1659
50595 1734 1655
50596 1734 1653
50597 1735 1654
50599 1734 1654
50600 1734 1653
50601 1734 1650
50602 1734 1648
50603 1734 1649
50604 1734 1650
50605 1734 1649
50606 1734 1649
50607 1734 1648
50608 1734 1648
50609 1733 1649
50610 1733 1651
50612 1733 1651
50613 1733 1652
50614 1733 1653
50615 1733 1654
50616 1734 1655
50617 1734 1654
50618 1734 1654
50619 1734 1654
50620 1734 1655
50621 1734 1655
50622 1734 1656
50623 1734 1655
50624 1734 1656
50625 1733 1656
50626 1733 1656
50627 1733 1657
50628 1733 1657
50629 1733 1657
50631 1733 1657
50632 1733 1657
50633 1733 1657
50634 1733 1658
50635 1733 1657
50636 1733 1656
50637 1733 1657
50638 1734 1659
50639 1733 1660
50640 1734 1661
50641 1734 1662
50643 1735 1664
50644 1736 1665
50645 1736 1666
50646 1737 1666
50647 1737 1666
50648 1738 1664
50649 1739 1660
50650 1739 1658
50651 1740 1654
50652 1741 1650
50654 1742 1647
50655 1742 1645
50656 1742 1644
50657 1742 1644
50658 1742 1646
50661 1741 1648
50662 1742 1649
50663 1742 1649
50664 1742 1649
50665 1741 1647
50666 1741 1646
50667 1742 1646
50668 1742 1647
50669 1741 1647
50670 1742 1648
50671 1741 1649
50672 1741 1650
50673 1742 1651
50674 1741 1653
50675 1741 1654
50676 1741 1654
50677 1741 1655
50678 1741 1655
50679 1741 1655
50680 1740 1654
50681 1739 1653
50682 1739 1652
50683 1738 1652
50684 1738 1652
50685 1738 1652
50686 1738 1653
50687 1738 1652
50688 1738 1651
50689 1738 1651
50690 1738 1650
50691 1737 1650
50692 1737 1651
50693 1738 1650
50694 1738 1649
50695 1738 1644
50696 1738 1641
50697 1738 1637
50698 1739 1632
50699 1739 1623
50700 1739 1617
50701 1738 1614
50702 1738 1616
50703 1739 1624
50704 1739 1633
50705 1739 1638
50706 1739 1643
50707 1740 1646
50708 1740 1651
50709 1740 1652
50710 1741 1654
50711 1740 1654
50712 1740 1655
50713 1741 1658
50714 1740 1662
50715 1738 1665
50716 1735 1669
50717 1731 1672
50718 1728 1675
50719 1723 1679
50720 1719 1682
50721 1717 1684
50722 1712 1681
50723 1707 1671
50724 1703 1649
50725 1701 1608
50726 1695 1566
50727 1679 1589
50728 1677 1593
50729 1671 1601
50730 1674 1606
50731 1687 1627
50732 1704 1637
50733 1702 1652
50734 1680 1670
50735 1672 1672
50736 1655 1677
50737 1642 1681
50738 1635 1688
50739 1621 1698
50740 1585 1713
50741 1568 1724
50742 1564 1727
50743 1528 1711
50744 1362 1665
50745 1095 1602
50746 867 1533
50747 804 1466
50748 804 1383
50749 828 1324
50750 865 1282
50751 900 1291
50752 911 1309
50753 915 1349
50754 914 1377
50755 910 1395
50756 911 1409
50757 898 1414
50758 885 1423
50759 888 1431
50760 898 1438
50761 915 1441
50762 934 1444
50763 949 1448
50764 971 1452
50765 984 1456
50766 1002 1459
50767 1019 1461
50768 1033 1463
50769 1049 1463
50770 1064 1462
50771 1071 1461
50772 1075 1461
50773 1079 1461
50774 1081 1460
50775 1083 1460
50776 1085 1460
50777 1086 1462
50778 1086 1463
50779 1083 1463
50780 1080 1465
50781 1075 1465
50782 1072 1466
50783 1074 1466
50784 1074 1466
50785 1074 1466
50786 1075 1466
50787 1078 1465
50788 1081 1465
50789 1085 1464
50790 1088 1463
50791 1090 1463
50792 1090 1462
50793 1090 1462
50794 1090 1462
50795 1092 1461
50796 1094 1459
50797 1096 1458
50798 1098 1457
50799 1099 1455
50800 1100 1455
50801 1101 1452
50802 1099 1449
50803 1101 1448
50804 1101 1447
50805 1101 1445
50806 1102 1443
50807 1102 1440
50808 1102 1439
50809 1102 1440
50810 1098 1433
50811 1092 1419
50812 1094 1403
50813 1093 1395
50814 1092 1397
50815 1086 1398
50816 1079 1401
50817 1072 1404
50818 1070 1405
50819 1070 1406
50820 1070 1406
50821 1071 1402
50822 1075 1397
50823 1081 1387
50824 1086 1383
50825 1091 1383
50826 1095 1379
50827 1100 1374
50828 1106 1371
50829 1111 1369
50830 1116 1364
50831 1120 1354
50832 1121 1353
50833 1122 1354
50834 1126 1359
50835 1131 1363
50837 1127 1364
50838 1139 1374
50839 1141 1377
50840 1141 1378
50841 1139 1377
50842 1143 1374
50843 1145 1374
50844 1146 1378
50845 1142 1382
50846 1140 1387
50847 1141 1389
50848 1142 1391
50849 1137 1394
50850 1130 1396
50851 1120 1400
50852 1116 1402
50853 1118 1404
50854 1120 1405
50855 1122 1406
50856 1122 1406
50857 1125 1407
50858 1130 1408
50859 1134 1408
50860 1136 1408
50861 1138 1409
50862 1137 1408
50863 1138 1409
50864 1138 1409
50865 1139 1409
50866 1140 1409
50867 1142 1409
50868 1142 1410
50869 1142 1410
50870 1143 1410
50871 1144 1411
50872 1144 1411
50873 1145 1411
50874 1145 1412
50875 1146 1412
50876 1146 1412
50877 1147 1412
50878 1148 1412
50879 1149 1412
50880 1149 1412
50881 1149 1412
50882 1149 1412
50883 1149 1412
50884 1150 1412
50885 1150 1413
50886 1151 1413
50887 1151 1413
50888 1151 1413
50889 1151 1413
50890 1152 1414
50891 1152 1414
50892 1152 1414
50893 1153 1414
50894 1153 1414
50895 1153 1414
50896 1154 1414
50897 1154 1414
50898 1154 1414
50899 1154 1414
50900 1154 1414
50901 1154 1414
50902 1153 1415
50903 1153 1415
50904 1154 1415
50905 1154 1414
50906 1156 1413
50907 1157 1413
50908 1159 1412
50909 1161 1412
50910 1162 1411
50911 1163 1410
50912 1163 1410
50913 1163 1411
50914 1163 1411
50915 1164 1411
50916 1163 1412
50917 1164 1413
50918 1164 1413
50919 1166 1414
50920 1166 1414
50921 1166 1414
50922 1166 1414
50924 1167 1412
50925 1168 1415
50926 1168 1415
50927 1169 1415
50928 1171 1415
50929 1171 1415
50930 1171 1416
50931 1172 1416
50932 1173 1416
50933 1174 1416
50934 1174 1416
50935 1175 1415
50936 1178 1416
50937 1179 1416
50939 1179 1418
50940 1179 1418
50941 1180 1418
50942 1180 1418
50943 1179 1418
50944 1178 1417
50945 1179 1418
50946 1180 1418
50947 1180 1419
50948 1181 1418
50949 1181 1418
50950 1181 1418
50951 1181 1418
50952 1182 1418
50953 1181 1418
50954 1182 1418
50955 1182 1418
50956 1183 1419
50957 1183 1419
50958 1184 1419
50959 1185 1420
50960 1185 1420
50962 1186 1420
50964 1187 1420
50965 1187 1420
50966 1187 1420
50967 1187 1421
50968 1186 1421
50969 1187 1421
50970 1187 1421
50971 1187 1421
50972 1187 1420
50973 1187 1421
50974 1187 1422
50975 1186 1422
50976 1186 1422
50979 1186 1423
50980 1186 1423
50981 1186 1422
50982 1186 1423
50983 1186 1423
50984 1186 1423
50985 1187 1423
50986 1186 1423
50987 1187 1423
50988 1187 1423
50989 1189 1423
50990 1189 1423
50991 1190 1423
50992 1190 1423
50993 1190 1423
50994 1190 1422
50996 1191 1422
50997 1191 1423
50998 1191 1423
50999 1192 1423
51000 1192 1424
51001 1193 1423
51003 1194 1424
51004 1194 1423
51005 1195 1422
51006 1197 1423
51007 1198 1423
51008 1200 1426
51009 1202 1428
51011 1199 1437
51012 1192 1441
51013 1190 1442
51014 1192 1442
51015 1195 1441
51017 1196 1439
51018 1197 1439
51019 1198 1438
51021 1203 1436
51022 1205 1432
51023 1209 1431
51024 1210 1431
51025 1208 1431
51026 1207 1432
51027 1207 1433
51028 1206 1432
51029 1204 1434
51030 1204 1435
51031 1200 1435
51032 1197 1435
51034 1199 1436
51035 1199 1436
51036 1200 1436
51037 1201 1436
51038 1202 1436
51039 1203 1436
51040 1203 1435
51041 1203 1435
51042 1202 1435
51043 1203 1435
51044 1203 1435
51045 1203 1434
51046 1203 1434
51047 1203 1434
51048 1203 1435
51049 1202 1435
51050 1203 1435
51051 1203 1433
51052 1203 1434
51053 1203 1435
51054 1203 1435
51055 1203 1434
51056 1202 1433
51057 1203 1432
51058 1204 1432
51059 1203 1432
51060 1203 1433
51061 1202 1433
51062 1202 1432
51063 1201 1431
51064 1201 1431
51065 1201 1431
51066 1202 1431
51067 1202 1432
51068 1201 1432
51069 1200 1432
51070 1201 1433
51071 1201 1433
51072 1202 1432
51073 1202 1432
51074 1202 1433
51075 1203 1434
51076 1203 1434
51077 1204 1434
51078 1204 1433
51079 1205 1433
51080 1205 1434
51081 1206 1433
51082 1206 1433
51083 1206 1433
51084 1206 1433
51085 1206 1434
51086 1206 1434
51087 1206 1434
51088 1206 1434
51089 1205 1434
51090 1205 1434
51091 1205 1434
51092 1205 1434
51093 1206 1434
51094 1207 1433
51095 1207 1434
51096 1207 1434
51097 1207 1434
51098 1207 1434
51099 1207 1434
51100 1207 1434
51101 1207 1435
51102 1208 1435
51103 1208 1435
51104 1208 1435
51105 1208 1435
51106 1208 1435
51107 1208 1435
51108 1208 1435
51109 1208 1435
51111 1208 1436
51112 1208 1436
51113 1208 1435
51114 1209 1435
51115 1210 1436
51116 1210 1436
51117 1210 1436
51118 1210 1436
51119 1210 1436
51120 1210 1436
51121 1210 1436
51122 1210 1436
51126 1203 1428
51127 1209 1436
51128 1209 1436
51129 1209 1436
51130 1209 1436
51131 1209 1436
51132 1209 1436
51133 1210 1436
51134 1210 1436
51135 1209 1436
51136 1209 1436
51137 1209 1436
51138 1210 1436
51139 1210 1436
51140 1210 1436
51141 1210 1436
51143 1210 1436
51144 1210 1437
51145 1210 1437
51146 1210 1437
51147 1210 1437
51148 1210 1437
51149 1210 1437
51150 1210 1437
51151 1210 1437
51152 1211 1437
51153 1210 1437
51154 1210 1437
51155 1211 1437
51156 1211 1437
51157 1211 1437
51158 1211 1437
51159 1211 1437
51160 1211 1437
51161 1211 1438
51162 1211 1438
51163 1211 1438
51164 1211 1438
51165 1211 1438
51166 1212 1438
51167 1211 1437
51168 1212 1437
