49061 948 1492
49062 948 1493
49063 950 1495
49064 951 1495
49065 951 1496
49066 953 1496
49067 954 1496
49068 955 1496
49069 956 1496
49070 958 1496
49071 959 1495
49072 961 1497
49073 962 1497
49074 962 1497
49075 962 1497
49076 962 1497
49079 963 1498
49080 963 1498
49081 963 1498
49082 964 1498
49083 964 1498
49084 965 1498
49085 967 1499
49086 966 1499
49087 967 1499
49088 967 1500
49090 968 1500
49091 964 1498
49092 969 1501
49093 970 1503
49094 971 1504
49095 973 1504
49096 973 1505
49097 975 1505
49098 976 1505
49099 978 1506
49100 981 1506
49101 983 1506
49102 986 1506
49103 987 1507
49104 987 1507
49105 988 1507
49106 988 1508
49107 988 1508
49108 989 1508
49109 991 1509
49110 990 1509
49111 990 1509
49112 988 1509
49113 987 1509
49114 987 1509
49115 988 1509
49117 992 1510
49118 993 1510
49119 993 1511
49120 990 1512
49121 989 1512
49122 988 1512
49123 989 1512
49124 991 1513
49126 994 1512
49128 992 1512
49129 987 1513
49130 985 1514
49131 987 1515
49132 992 1516
49133 997 1516
49135 1002 1515
49136 1002 1515
49137 997 1514
49138 995 1515
49139 994 1515
49140 994 1515
49141 994 1515
49142 997 1516
49143 998 1516
49144 998 1515
49145 996 1513
49146 992 1512
49147 989 1512
49148 987 1511
49149 988 1510
49150 988 1509
49151 988 1510
49152 988 1509
49153 987 1510
49154 988 1509
49155 989 1508
49156 990 1507
49157 990 1507
49159 984 1504
49160 991 1507
49161 990 1507
49162 990 1507
49163 992 1507
49164 993 1507
49165 996 1507
49166 997 1506
49167 1000 1508
49168 1001 1508
49169 1001 1508
49170 1001 1508
49171 1001 1508
49172 1002 1508
49173 1004 1508
49174 1006 1508
49175 1006 1508
49176 1007 1508
49177 1007 1507
49178 1010 1508
49181 1011 1508
49183 1011 1508
49184 1014 1509
49185 1016 1509
49186 1017 1509
49187 1018 1509
49188 1023 1509
49189 1027 1509
49190 1030 1510
49191 1028 1509
49192 1026 1510
49193 1025 1510
49194 1024 1511
49195 1023 1510
49196 1025 1511
49197 1027 1511
49198 1030 1512
49199 1032 1512
49200 1036 1512
49202 1041 1513
49203 1040 1513
49205 1036 1512
49206 1032 1513
49207 1035 1514
49208 1041 1515
49209 1043 1515
49210 1043 1515
49211 1044 1515
49212 1045 1515
49213 1045 1515
49214 1039 1513
49215 1039 1513
49216 1037 1513
49217 1034 1513
49218 1032 1513
49219 1038 1514
49220 1040 1514
49221 1040 1515
49222 1040 1515
49223 1040 1515
49224 1044 1514
49225 1044 1514
49226 1040 1514
49227 1038 1513
49228 1039 1513
49229 1039 1514
49230 1039 1514
49231 1039 1514
49232 1040 1514
49233 1040 1515
49234 1041 1515
49237 1048 1513
49239 1049 1513
49240 1048 1514
49241 1045 1515
49242 1041 1516
49243 1038 1516
49244 1038 1516
49245 1038 1515
49246 1037 1515
49247 1038 1515
49248 1040 1515
49249 1043 1515
49250 1046 1514
49251 1049 1513
49252 1050 1512
49253 1050 1512
49254 1048 1514
49257 1044 1515
49258 1044 1515
49259 1045 1515
49260 1046 1515
49261 1046 1515
49262 1048 1516
49263 1048 1515
49266 1054 1514
49267 1054 1514
49268 1052 1516
49269 1051 1517
49270 1052 1517
49271 1054 1517
49272 1055 1517
49273 1055 1518
49274 1055 1518
49275 1055 1518
49276 1055 1518
49277 1055 1518
49278 1058 1518
49279 1059 1517
49280 1059 1517
49281 1054 1518
49282 1050 1519
49283 1052 1519
49284 1055 1519
49285 1057 1520
49286 1056 1520
49287 1056 1520
49288 1056 1520
49289 1057 1520
49290 1058 1520
49291 1059 1520
49292 1060 1520
49293 1060 1520
49294 1059 1520
49295 1057 1520
49296 1055 1520
49297 1055 1521
49298 1054 1522
49299 1055 1522
49300 1055 1521
49301 1055 1521
49302 1055 1522
49303 1057 1522
49304 1059 1522
49305 1061 1522
49306 1064 1521
49307 1065 1521
49308 1069 1521
49309 1072 1522
49310 1065 1523
49311 1054 1523
49312 1048 1523
49313 1046 1524
49314 1045 1523
49315 1047 1523
49316 1049 1523
49317 1050 1523
49318 1053 1523
49319 1054 1523
49320 1056 1523
49321 1057 1523
49322 1057 1522
49323 1061 1522
49325 1064 1523
49326 1060 1523
49327 1054 1524
49328 1052 1524
49329 1051 1524
49330 1051 1523
49331 1053 1523
49332 1055 1524
49333 1056 1524
49334 1059 1524
49335 1060 1523
49336 1061 1523
49337 1063 1523
49338 1055 1520
49339 1009 1507
49340 928 1471
49341 874 1428
49342 858 1393
49343 849 1337
49344 832 1297
49345 823 1299
49346 813 1262
49347 817 1155
49348 839 1076
49349 859 1245
49350 838 1385
49351 773 1473
49352 604 1557
49353 462 1627
49354 303 1675
49355 245 1715
49356 244 1741
49357 253 1752
49358 1001 1753
49359 1506 1753
49360 1585 1733
49361 1551 1717
49362 1443 1710
49363 1298 1705
49364 1198 1701
49365 1227 1693
49366 1362 1684
49367 1458 1678
49368 1527 1672
49369 1573 1646
49370 1605 1658
49371 1594 1674
49372 1591 1693
49373 1594 1698
49374 1585 1702
49375 1578 1709
49376 1576 1715
49377 1580 1717
49378 1587 1718
49379 1590 1718
49380 1590 1720
49381 1593 1720
49382 1595 1719
49385 1606 1717
49386 1608 1716
49387 1611 1716
49388 1612 1716
49389 1612 1716
49390 1614 1716
49391 1614 1717
49392 1614 1718
49393 1615 1716
49394 1615 1713
49395 1616 1712
49396 1617 1711
49397 1619 1711
49398 1621 1711
49399 1625 1709
49400 1628 1708
49401 1630 1708
49402 1631 1708
49403 1630 1709
49404 1630 1711
49407 1631 1713
49408 1631 1714
49409 1633 1713
49411 1634 1711
49412 1635 1711
49413 1635 1710
49414 1635 1710
49415 1636 1710
49416 1635 1709
49417 1635 1709
49418 1636 1710
49419 1636 1709
49420 1636 1708
49421 1636 1708
49422 1636 1708
49424 1637 1708
49425 1637 1708
49426 1636 1708
49431 1636 1711
49432 1635 1712
49433 1634 1713
49434 1633 1714
49435 1632 1714
49436 1632 1714
49437 1632 1714
49438 1631 1715
49440 1632 1715
49441 1632 1714
49442 1632 1715
49443 1633 1715
49444 1633 1715
49445 1633 1713
49446 1634 1713
49447 1634 1713
49448 1633 1713
49449 1633 1713
49452 1633 1714
49453 1633 1714
49454 1633 1714
49455 1633 1714
49456 1633 1713
49457 1634 1713
49458 1634 1713
49459 1634 1713
49460 1634 1712
49461 1634 1712
49462 1635 1712
49463 1634 1713
49464 1635 1713
49465 1636 1714
49466 1636 1713
49467 1637 1712
49468 1638 1711
49469 1638 1709
49470 1639 1707
49472 1641 1705
49473 1642 1704
49474 1642 1703
49475 1642 1701
49476 1643 1700
49477 1644 1698
49478 1645 1696
49479 1645 1696
49480 1645 1696
49481 1646 1696
49482 1646 1696
49483 1647 1695
49484 1648 1695
49485 1648 1694
49486 1649 1693
49487 1650 1692
49490 1651 1691
49491 1652 1692
49492 1652 1692
49493 1652 1692
49494 1653 1693
49495 1653 1693
49496 1653 1693
49497 1653 1692
49498 1653 1691
49499 1653 1691
49500 1654 1691
49501 1654 1692
49502 1654 1693
49503 1654 1694
49504 1654 1694
49505 1654 1695
49506 1654 1694
49507 1654 1695
49508 1654 1695
49509 1654 1695
49510 1654 1696
49511 1654 1696
49512 1654 1696
49513 1654 1696
49514 1655 1695
49515 1655 1695
49516 1655 1695
49517 1655 1695
49518 1655 1695
49519 1655 1695
49520 1656 1695
49521 1657 1694
49522 1657 1694
49523 1658 1693
49526 1658 1692
49527 1659 1691
49530 1660 1690
49531 1660 1690
49532 1661 1689
49533 1661 1688
49534 1661 1688
49535 1661 1689
49537 1661 1691
49538 1660 1691
49539 1660 1692
49540 1659 1693
49541 1659 1694
49542 1658 1696
49543 1658 1697
49544 1657 1697
49545 1657 1699
49546 1657 1700
49547 1657 1699
49548 1658 1700
49549 1659 1699
49550 1660 1699
49551 1660 1699
49552 1660 1699
49553 1660 1699
49554 1659 1699
49555 1659 1700
49556 1659 1700
49557 1659 1701
49558 1659 1701
49559 1659 1701
49560 1660 1701
49561 1660 1701
49564 1661 1700
49565 1662 1700
49566 1662 1699
49567 1662 1700
49568 1662 1700
49569 1662 1699
49570 1661 1700
49571 1661 1700
49573 1661 1700
49574 1661 1700
49575 1662 1700
49576 1662 1700
49577 1663 1699
49578 1663 1698
49579 1664 1697
49580 1664 1696
49581 1665 1695
49582 1665 1695
49583 1665 1695
49584 1665 1693
49585 1666 1691
49586 1666 1689
49587 1666 1687
49588 1666 1685
49589 1666 1685
49590 1666 1686
49591 1666 1686
49592 1666 1686
49593 1666 1687
49594 1666 1687
49595 1667 1687
49596 1667 1687
49597 1667 1687
49598 1667 1687
49599 1667 1688
49600 1667 1688
49601 1666 1689
49602 1666 1691
49603 1664 1693
49604 1664 1695
49605 1663 1695
49606 1663 1695
49607 1663 1695
49608 1663 1696
49609 1663 1696
49610 1664 1696
49611 1663 1696
49612 1663 1695
49613 1664 1696
49614 1664 1695
49615 1664 1695
49616 1664 1695
49617 1665 1695
49618 1665 1695
49619 1665 1696
49620 1665 1696
49621 1664 1695
49622 1664 1695
49623 1665 1695
49624 1665 1695
49625 1666 1695
49626 1666 1695
49627 1666 1694
49628 1666 1693
49629 1667 1692
49630 1667 1691
49631 1667 1688
49632 1669 1682
49633 1670 1673
49634 1671 1671
49635 1672 1671
49636 1672 1670
49637 1672 1670
49638 1673 1671
49639 1673 1672
49640 1673 1673
49641 1674 1673
49642 1674 1673
49643 1674 1672
49644 1674 1670
49645 1674 1668
49646 1674 1669
49647 1674 1670
49648 1674 1671
49649 1674 1672
49650 1674 1674
49651 1674 1676
49652 1673 1678
49653 1673 1679
49654 1672 1682
49655 1671 1683
49656 1671 1684
49657 1671 1685
49658 1670 1685
49659 1670 1686
49660 1670 1686
49661 1670 1686
49662 1670 1686
49663 1670 1686
49664 1671 1686
49665 1671 1686
49666 1671 1686
49667 1672 1685
49668 1672 1685
49669 1672 1685
49670 1672 1685
49671 1672 1684
49672 1672 1685
49673 1672 1685
49674 1672 1685
49675 1673 1685
49676 1673 1685
49677 1674 1685
49678 1673 1685
49679 1674 1685
49682 1674 1685
49683 1674 1684
49684 1675 1684
49685 1674 1684
49686 1675 1683
49687 1675 1683
49688 1675 1683
49689 1675 1682
49690 1675 1682
49691 1676 1681
49692 1676 1681
49693 1676 1681
49694 1676 1681
49695 1676 1681
49696 1677 1681
49697 1677 1681
49698 1677 1681
49699 1677 1681
49700 1677 1681
49701 1677 1681
49702 1677 1681
49703 1678 1682
49704 1677 1682
49705 1677 1682
49706 1677 1682
49707 1677 1683
49708 1677 1683
49709 1677 1683
49710 1676 1684
49711 1676 1685
49712 1676 1685
49713 1676 1685
49714 1676 1686
49715 1676 1686
49716 1676 1686
49717 1676 1686
49718 1676 1686
49719 1676 1686
49720 1677 1686
49721 1677 1686
49722 1677 1686
49723 1677 1686
49724 1677 1686
49725 1678 1686
49726 1677 1686
49727 1677 1686
49728 1677 1686
49729 1677 1686
49730 1677 1686
49731 1677 1686
49733 1677 1686
49734 1676 1686
49735 1676 1687
49736 1675 1687
49737 1676 1687
49738 1675 1687
49739 1675 1687
49740 1675 1688
49741 1675 1688
49742 1675 1689
49743 1675 1689
49744 1675 1689
49745 1675 1690
49746 1675 1690
49749 1675 1690
49750 1676 1691
49751 1676 1691
49752 1676 1691
49753 1676 1691
49754 1676 1691
49755 1676 1691
49756 1676 1692
49757 1676 1692
