47041 1692 1691
47042 1691 1691
47043 1691 1692
47044 1691 1692
47045 1690 1692
47046 1690 1692
47047 1688 1694
47048 1688 1695
47049 1687 1695
47050 1687 1695
47051 1687 1695
47052 1687 1695
47053 1687 1695
47054 1687 1695
47055 1687 1696
47056 1688 1695
47057 1689 1694
47058 1690 1694
47059 1690 1695
47060 1689 1695
47061 1688 1695
47062 1688 1695
47063 1688 1696
47064 1689 1695
47065 1690 1695
47066 1691 1694
47067 1692 1694
47068 1692 1692
47069 1692 1691
47070 1693 1691
47071 1693 1691
47072 1693 1691
47073 1693 1692
47074 1692 1692
47075 1692 1692
47076 1693 1692
47077 1692 1692
47078 1693 1692
47079 1693 1691
47080 1693 1690
47081 1694 1689
47082 1696 1688
47083 1698 1687
47084 1699 1686
47085 1699 1685
47086 1699 1684
47087 1700 1684
47088 1700 1685
47089 1699 1684
47090 1699 1685
47091 1699 1684
47092 1699 1685
47093 1699 1685
47094 1699 1686
47095 1699 1685
47096 1699 1685
47097 1699 1685
47098 1699 1685
47099 1699 1685
47100 1699 1684
47101 1699 1684
47102 1699 1684
47103 1699 1684
47104 1700 1684
47105 1700 1684
47106 1700 1685
47107 1700 1685
47108 1700 1685
47109 1701 1686
47110 1700 1686
47111 1700 1686
47112 1700 1687
47113 1700 1687
47114 1701 1689
47115 1700 1689
47116 1700 1689
47117 1700 1690
47118 1699 1690
47119 1699 1690
47120 1699 1690
47121 1700 1690
47122 1700 1690
47123 1700 1690
47124 1700 1691
47125 1701 1691
47126 1700 1690
47127 1699 1690
47128 1700 1690
47129 1698 1689
47130 1699 1690
47131 1700 1690
47132 1700 1690
47133 1699 1689
47134 1699 1690
47135 1699 1689
47136 1700 1688
47137 1699 1688
47138 1700 1688
47139 1700 1687
47140 1700 1687
47141 1700 1687
47142 1700 1687
47143 1700 1687
47144 1701 1688
47145 1701 1687
47146 1702 1687
47147 1702 1686
47148 1702 1686
47149 1702 1686
47150 1702 1685
47151 1703 1685
47152 1705 1686
47153 1706 1688
47154 1706 1687
47155 1707 1689
47156 1709 1690
47157 1709 1690
47158 1708 1690
47159 1708 1690
47160 1712 1694
47161 1706 1688
47162 1704 1686
47163 1704 1686
47164 1704 1687
47165 1704 1686
47166 1704 1686
47167 1704 1685
47168 1705 1685
47169 1704 1685
47170 1704 1684
47171 1705 1684
47172 1705 1684
47173 1704 1684
47174 1704 1685
47175 1704 1684
47176 1704 1684
47177 1704 1685
47178 1704 1684
47179 1704 1685
47180 1704 1685
47181 1704 1685
47182 1704 1684
47184 1704 1684
47185 1704 1684
47186 1704 1684
47187 1704 1684
47188 1704 1684
47189 1704 1684
47190 1704 1684
47191 1705 1684
47192 1705 1684
47193 1704 1684
47194 1705 1684
47195 1705 1684
47198 1705 1684
47199 1705 1684
47200 1705 1684
47201 1705 1684
47202 1705 1684
47203 1705 1684
47204 1705 1684
47205 1705 1684
47206 1705 1683
47207 1704 1683
47208 1704 1683
47209 1705 1684
47210 1705 1684
47211 1705 1684
47212 1705 1684
47213 1705 1684
47214 1705 1684
47215 1705 1684
47216 1705 1684
47217 1705 1684
47218 1705 1684
47219 1705 1684
47220 1705 1684
47221 1705 1684
47222 1705 1684
47223 1704 1684
47224 1704 1683
47225 1704 1683
47226 1705 1683
47227 1705 1684
47228 1705 1683
47229 1704 1683
47230 1705 1684
47231 1705 1684
47232 1704 1684
47233 1705 1685
47234 1704 1685
47235 1704 1685
47236 1704 1685
47237 1704 1685
47238 1704 1685
47239 1704 1686
47240 1704 1686
47241 1704 1686
47242 1703 1686
47243 1704 1685
47244 1703 1686
47245 1704 1686
47246 1703 1686
47247 1704 1685
47248 1704 1685
47249 1703 1685
47250 1703 1684
47251 1703 1684
47252 1704 1685
47253 1705 1686
47254 1705 1686
47255 1705 1687
47256 1705 1686
47257 1705 1687
47258 1705 1687
47259 1705 1686
47260 1705 1687
47261 1706 1686
47262 1705 1686
47263 1705 1685
47264 1705 1685
47265 1705 1685
47266 1705 1685
47267 1705 1685
47268 1705 1685
47269 1705 1685
47270 1705 1685
47271 1705 1685
47272 1705 1685
47273 1705 1685
47274 1705 1685
47275 1705 1685
47276 1705 1685
47277 1705 1685
47278 1705 1685
47279 1705 1685
47280 1704 1685
47281 1704 1685
47282 1704 1686
47283 1704 1685
47284 1704 1686
47285 1704 1686
47286 1704 1686
47287 1704 1686
47288 1704 1686
47289 1704 1687
47290 1703 1687
47291 1704 1687
47292 1704 1687
47293 1704 1687
47294 1704 1686
47295 1703 1686
47296 1704 1687
47297 1704 1687
47298 1704 1686
47299 1704 1687
47300 1704 1687
47301 1704 1687
47302 1704 1688
47303 1704 1688
47304 1703 1688
47305 1703 1687
47306 1703 1688
47307 1704 1687
47308 1704 1687
47309 1704 1687
47310 1704 1687
47311 1704 1687
47312 1703 1688
47313 1703 1688
47314 1702 1688
47315 1702 1689
47316 1702 1689
47317 1701 1691
47318 1700 1695
47319 1695 1703
47320 1685 1713
47321 1676 1720
47322 1672 1725
47323 1672 1727
47324 1677 1726
47325 1688 1720
47326 1694 1702
47327 1694 1640
47328 1677 1336
47329 1563 1048
47330 903 934
47331 488 865
47332 429 842
47333 430 789
47334 485 713
47335 592 621
47336 665 556
47337 692 507
47338 662 482
47339 458 530
47340 214 1268
47341 772 1730
47342 1414 1755
47343 1553 1752
47344 1605 1739
47345 1673 1721
47346 1715 1693
47348 1763 1564
47349 1780 1407
47350 1795 1257
47351 1808 1220
47352 1814 1211
47353 1785 1139
47354 1703 931
47355 1302 780
47356 1099 740
47357 1005 735
47358 953 714
47359 933 671
47360 958 616
47361 927 588
47362 795 603
47363 496 1114
47364 487 1735
47365 1029 1781
47366 1411 1782
47367 1565 1794
47368 1696 1803
47369 1732 1761
47370 1796 1749
47371 1806 1637
47372 1803 1437
47373 1820 1342
47374 1833 1292
47375 1836 1267
47376 1811 1206
47377 1691 1000
47378 1195 793
47379 1009 759
47381 818 704
47382 785 635
47383 807 602
47384 728 578
47385 616 709
47386 403 1487
47387 863 1737
47388 1350 1738
47389 1453 1718
47390 1521 1703
47391 1606 1662
47392 1664 1592
47393 1687 1475
47394 1668 1329
47395 1654 1203
47396 1713 1184
47397 1755 1189
47398 1695 1107
47399 1568 918
47400 1178 836
47401 1011 821
47402 920 793
47403 876 759
47404 864 708
47405 863 677
47406 867 631
47407 850 593
47410 587 552
47411 402 1063
47412 531 1699
47413 1117 1719
47414 1333 1703
47416 1488 1593
47417 1583 1476
47418 1663 1398
47419 1722 1319
47420 1755 1194
47421 1764 1152
47422 1741 1105
47423 1737 1098
47424 1733 1078
47425 1725 885
47428 951 661
47429 891 683
47430 873 666
47431 911 621
47432 944 583
47433 932 549
47434 818 557
47435 530 985
47436 669 1760
47437 1360 1806
47438 1465 1799
47439 1489 1783
47440 1571 1773
47441 1645 1763
47442 1702 1748
47443 1735 1699
47444 1775 1609
47445 1803 1447
47446 1830 1391
47447 1840 1356
47448 1801 1272
47449 1675 1031
47450 1220 882
47451 975 828
47452 921 780
47453 874 766
47454 845 713
47455 849 667
47456 872 636
47457 834 633
47458 642 1066
47459 738 1732
47460 1264 1754
47461 1422 1751
47462 1526 1739
47463 1619 1723
47464 1679 1696
47465 1719 1638
47466 1742 1523
47467 1765 1346
47468 1785 1237
47469 1792 1180
47470 1799 1148
47471 1799 1142
47472 1752 997
47473 1651 802
47474 1127 684
47475 974 667
47476 900 664
47477 844 653
47478 808 620
47479 808 587
47480 831 557
47481 839 541
47482 785 538
47483 686 662
47484 495 1529
47485 1201 1767
47486 1381 1775
47487 1506 1778
47488 1587 1769
47489 1640 1746
47490 1676 1714
47491 1712 1657
47492 1739 1568
47493 1759 1427
47494 1775 1275
47495 1797 1238
47496 1805 1230
47497 1773 1157
47498 1680 930
47499 1173 776
47500 993 743
47501 902 723
47502 840 707
47503 804 679
47504 817 651
47505 843 605
47506 851 557
47507 762 544
47508 530 783
47509 509 1660
47510 1229 1770
47511 1406 1769
47512 1516 1768
47513 1591 1762
47514 1655 1746
47515 1702 1718
47516 1735 1669
47517 1758 1591
47518 1774 1450
47519 1780 1285
47520 1792 1238
47521 1791 1197
47522 1734 1035
47523 1499 817
47524 1049 787
47525 969 760
47526 930 745
47527 883 707
47528 857 664
47529 839 624
47530 781 595
47531 659 595
47534 1042 1763
47535 1298 1763
47536 1447 1763
47537 1557 1750
47538 1635 1706
47539 1695 1617
47540 1729 1460
47541 1756 1273
47542 1775 1192
47543 1791 1140
47544 1803 1111
47545 1805 1106
47546 1781 1057
47547 1732 863
47548 1298 628
47549 966 637
47550 905 603
47551 844 616
47552 809 604
47553 779 590
47554 764 548
47555 663 524
47556 589 505
47557 478 681
47558 322 1581
47559 967 1775
47562 1587 1765
47563 1656 1750
47564 1703 1716
47565 1736 1668
47566 1760 1619
47567 1778 1537
47568 1793 1376
47569 1808 1288
47570 1810 1232
47571 1734 1079
47572 1535 885
47573 996 855
47574 872 832
47575 854 813
47576 847 768
47577 847 736
47578 876 695
47579 918 643
47580 982 612
47581 1023 605
47582 1025 908
47583 1379 1701
47584 1467 1746
47585 1498 1761
47586 1516 1769
47587 1553 1769
47588 1626 1765
47589 1676 1753
47590 1716 1724
47591 1747 1657
47592 1775 1534
47593 1797 1339
47594 1810 1269
47595 1814 1224
47596 1769 1117
47597 1659 921
47598 1191 800
47599 1003 768
47600 964 750
47601 923 734
47602 905 683
47603 916 644
47604 942 601
47605 910 596
47606 751 887
47609 1367 1787
47610 1473 1789
47613 1656 1756
47614 1702 1724
47615 1742 1665
47616 1774 1540
47617 1803 1362
47618 1825 1297
47619 1816 1257
47620 1758 1113
47621 1534 872
47622 1067 815
47623 974 761
47624 891 751
47625 828 725
47626 818 685
47627 848 634
47628 888 592
47629 817 570
47630 645 896
47631 576 1687
47632 1299 1782
47633 1610 1751
47634 1714 1660
47635 1751 1475
47636 1755 1304
47637 1759 1257
47638 1745 1185
47639 1727 1114
47640 1714 1074
47641 1652 1061
47642 1557 1024
47643 1277 1014
47644 1182 1034
47647 1235 1072
47648 1212 1099
47649 1186 1076
47650 1214 1051
47651 1254 1026
47652 1281 1026
47653 1326 1035
47654 1355 1050
47655 1380 1190
47656 1397 1340
47657 1418 1449
47658 1452 1525
47659 1489 1580
47660 1533 1611
47661 1565 1632
47662 1599 1652
47663 1625 1665
47664 1647 1669
47665 1663 1662
47666 1677 1642
47667 1685 1608
47668 1688 1522
47669 1687 1426
47670 1684 1424
47671 1683 1485
47672 1684 1523
47673 1686 1529
47674 1690 1509
47675 1692 1485
47676 1693 1502
47677 1694 1534
47678 1691 1572
47679 1682 1638
47680 1676 1665
47681 1671 1686
47682 1678 1694
47683 1685 1695
47684 1687 1698
47685 1687 1705
47686 1686 1711
47687 1668 1721
47688 1609 1736
47689 1532 1745
47690 1443 1750
47691 1400 1753
47692 1363 1755
47693 1355 1756
47694 1397 1758
47695 1435 1758
47696 1485 1758
47697 1499 1755
47698 1493 1754
47699 1500 1755
47700 1541 1751
47701 1574 1747
47702 1604 1742
47703 1629 1737
47704 1650 1728
47705 1665 1721
47706 1681 1710
47707 1694 1695
47708 1700 1689
47709 1701 1690
47711 1686 1702
47712 1670 1714
47713 1674 1718
47714 1680 1721
47715 1676 1722
47716 1682 1723
47717 1698 1711
47718 1711 1691
47719 1720 1675
47720 1725 1671
47721 1728 1668
47722 1730 1657
47723 1732 1650
47724 1731 1640
47725 1733 1646
47726 1733 1653
47727 1734 1653
47728 1734 1652
47729 1735 1653
47730 1735 1655
47731 1735 1656
47733 1737 1648
47734 1738 1639
47735 1738 1642
47736 1738 1648
47737 1738 1655
47738 1735 1663
47739 1730 1674
47740 1725 1682
47741 1722 1686
47742 1721 1686
47743 1722 1687
47744 1722 1690
47745 1723 1691
47746 1726 1691
47747 1731 1688
47748 1734 1687
47749 1735 1686
47750 1735 1686
47752 1738 1684
47753 1740 1684
47754 1741 1681
47755 1742 1676
47756 1743 1671
47757 1744 1667
47758 1744 1664
47759 1744 1659
47760 1744 1655
47761 1744 1656
47762 1742 1659
47763 1742 1659
47764 1741 1657
47765 1741 1657
47766 1741 1657
47767 1742 1659
47768 1742 1662
47769 1742 1667
47770 1742 1669
47771 1743 1669
47772 1743 1668
47773 1744 1667
47774 1744 1668
47775 1745 1668
47776 1745 1670
47777 1745 1670
47778 1745 1671
47779 1745 1675
47780 1744 1680
47781 1743 1683
47782 1743 1684
47783 1743 1682
47784 1743 1681
47785 1744 1681
47786 1744 1680
47787 1744 1678
47788 1743 1679
47789 1743 1680
47790 1743 1681
47791 1742 1682
47792 1742 1682
47793 1740 1683
47794 1740 1685
47795 1739 1688
47796 1739 1694
47797 1738 1698
47798 1738 1700
47799 1737 1702
47800 1738 1703
47801 1738 1706
47802 1737 1707
47803 1734 1709
47804 1731 1712
47805 1728 1714
47806 1726 1715
47807 1724 1716
47808 1722 1717
47809 1722 1717
47810 1723 1714
47811 1726 1710
47812 1729 1708
47813 1730 1708
47814 1731 1707
47815 1732 1705
47816 1734 1699
47817 1739 1692
47818 1741 1691
47819 1744 1689
47820 1745 1672
47821 1746 1636
47822 1746 1619
47823 1745 1610
47824 1744 1611
47825 1742 1621
47826 1740 1642
47827 1740 1663
47828 1739 1679
47829 1738 1684
47830 1737 1685
47831 1736 1685
47832 1735 1683
47833 1734 1681
47834 1735 1681
47835 1736 1682
47836 1737 1681
47837 1738 1682
47838 1739 1684
47839 1739 1686
47840 1741 1687
47841 1744 1690
47842 1748 1692
47843 1751 1687
47844 1752 1683
47845 1752 1681
47846 1752 1682
47847 1751 1685
47848 1751 1689
47849 1750 1693
47850 1749 1696
47853 1744 1702
47854 1740 1702
47855 1736 1701
47856 1732 1700
47857 1727 1700
47858 1724 1699
47859 1721 1700
47860 1720 1701
47861 1720 1702
47862 1721 1703
47863 1723 1705
47864 1726 1706
47865 1727 1707
47866 1728 1706
47867 1728 1707
47868 1728 1707
47869 1731 1707
47870 1731 1709
47871 1729 1711
47873 1722 1719
47874 1719 1722
47875 1717 1724
47876 1715 1725
47877 1710 1727
47878 1707 1727
47879 1705 1728
47880 1703 1729
47881 1702 1729
47882 1702 1730
47883 1701 1730
47884 1698 1731
47885 1696 1732
47886 1694 1732
47887 1685 1734
47888 1682 1736
47890 1659 1743
47891 1656 1746
47892 1658 1748
47893 1661 1750
47894 1663 1752
47895 1660 1755
47896 1656 1756
47897 1653 1757
47898 1651 1758
47899 1648 1759
47900 1644 1758
47901 1645 1759
47902 1651 1759
47903 1655 1759
47904 1658 1760
47905 1666 1759
47906 1674 1759
47907 1678 1759
47908 1678 1759
47909 1680 1757
47910 1684 1758
47911 1684 1759
47912 1681 1757
47913 1681 1757
47914 1683 1757
47915 1681 1758
47916 1677 1759
47917 1670 1760
47918 1665 1760
47919 1665 1760
47920 1666 1760
47921 1675 1759
47922 1684 1756
47923 1690 1753
47924 1698 1748
47925 1701 1745
47928 1704 1738
47929 1711 1731
47930 1716 1725
47932 1722 1723
47936 1722 1715
47937 1718 1718
47938 1711 1725
47940 1711 1724
47943 1716 1724
47945 1712 1727
47946 1718 1729
47947 1722 1728
47948 1724 1728
47949 1725 1731
47950 1724 1733
47951 1726 1734
47952 1726 1735
47953 1726 1735
47954 1727 1735
47955 1728 1735
47956 1729 1733
47957 1731 1730
47958 1733 1726
47959 1733 1726
47960 1731 1726
47961 1730 1729
47962 1727 1732
47963 1725 1732
47964 1726 1732
47965 1728 1731
47966 1729 1731
47967 1729 1731
47968 1727 1732
47969 1725 1733
47970 1722 1735
47971 1716 1735
47972 1712 1736
47973 1712 1734
47974 1715 1733
47975 1719 1728
47976 1721 1720
47977 1722 1718
47978 1721 1721
47979 1718 1726
47981 1710 1734
47984 1703 1737
47987 1696 1743
47988 1687 1744
47989 1681 1746
47990 1680 1746
47991 1687 1743
47992 1698 1734
47993 1703 1725
47994 1704 1727
47995 1705 1736
47996 1701 1747
47997 1695 1756
47998 1695 1762
47999 1702 1764
48000 1696 1766
48001 1690 1769
48002 1698 1772
48003 1700 1774
