53260 1586 1706
53261 1598 1719
53262 1607 1735
53263 1608 1746
53264 1601 1750
53265 1594 1747
53266 1591 1735
53267 1595 1719
53268 1594 1709
53269 1590 1708
53272 1560 1703
53273 1562 1689
53274 1557 1667
53275 1551 1648
53276 1506 1651
53277 1436 1669
53278 1416 1681
53280 1424 1698
53281 1430 1704
53282 1445 1708
53283 1451 1712
53284 1452 1715
53285 1446 1717
53286 1436 1719
53287 1413 1721
53288 1385 1723
53289 1384 1725
53290 1385 1725
53291 1401 1726
53292 1462 1725
53293 1509 1722
53294 1532 1718
53295 1543 1716
53296 1557 1714
53297 1571 1709
53298 1584 1706
53299 1595 1700
53300 1605 1691
53301 1615 1683
53302 1628 1670
53303 1636 1656
53304 1639 1646
53305 1647 1635
53306 1651 1627
53307 1650 1623
53308 1651 1629
53309 1654 1631
53310 1655 1631
53311 1656 1627
53312 1660 1621
53313 1663 1614
53314 1666 1608
53315 1668 1598
53316 1670 1590
53317 1672 1588
53318 1673 1589
53319 1673 1594
53320 1673 1602
53321 1673 1604
53322 1673 1603
53323 1673 1601
53324 1673 1603
53325 1672 1606
53326 1672 1608
53327 1671 1609
53328 1671 1612
53329 1670 1614
53330 1669 1618
53331 1668 1621
53332 1666 1625
53333 1665 1628
53334 1664 1633
53335 1663 1636
53336 1663 1638
53337 1663 1639
53338 1664 1640
53339 1663 1642
53340 1663 1642
53341 1663 1643
53342 1663 1644
53343 1660 1647
53344 1658 1652
53345 1658 1653
53346 1658 1653
53347 1658 1653
53348 1657 1654
53349 1657 1654
53350 1658 1654
53351 1659 1653
53352 1661 1651
53353 1662 1647
53354 1664 1645
53356 1665 1643
53357 1665 1644
53358 1665 1644
53359 1664 1646
53360 1665 1647
53361 1664 1647
53362 1664 1647
53364 1664 1650
53365 1662 1652
53366 1661 1653
53367 1660 1655
53368 1659 1656
53369 1659 1657
53370 1660 1657
53371 1660 1657
53372 1660 1657
53373 1660 1657
53375 1660 1658
53376 1659 1658
53377 1659 1659
53378 1657 1660
53379 1656 1661
53380 1652 1663
53381 1650 1665
53382 1647 1668
53383 1644 1671
53384 1643 1674
53385 1642 1676
53386 1641 1677
53387 1641 1678
53388 1640 1678
53389 1639 1679
53390 1638 1681
53391 1636 1683
53392 1635 1685
53393 1634 1686
53394 1634 1687
53395 1634 1688
53396 1636 1687
53397 1639 1685
53398 1643 1682
53399 1644 1682
53400 1644 1679
53401 1643 1679
53402 1641 1679
53403 1639 1679
53404 1637 1681
53405 1636 1683
53406 1637 1683
53407 1639 1684
53408 1640 1684
53409 1642 1686
53410 1643 1689
53411 1644 1690
53412 1645 1691
53413 1646 1691
53414 1647 1692
53415 1648 1692
53416 1649 1694
53417 1651 1695
53418 1651 1695
53419 1651 1696
53420 1652 1696
53421 1653 1696
53422 1654 1696
53423 1656 1694
53424 1657 1694
53425 1658 1694
53426 1658 1694
53427 1659 1693
53428 1661 1690
53429 1663 1684
53430 1665 1677
53431 1666 1672
53432 1666 1670
53433 1666 1667
53434 1667 1663
53435 1667 1664
53436 1668 1663
53437 1669 1662
53438 1670 1659
53439 1671 1654
53440 1672 1648
53441 1672 1643
53442 1673 1641
53444 1670 1638
53445 1673 1645
53446 1673 1649
53447 1673 1652
53448 1672 1654
53449 1672 1655
53450 1672 1655
53451 1671 1656
53453 1664 1666
53454 1661 1670
53455 1661 1671
53456 1660 1672
53457 1661 1672
53458 1661 1673
53459 1661 1675
53460 1661 1675
53461 1661 1676
53462 1662 1676
53463 1662 1676
53464 1662 1676
53465 1662 1676
53466 1662 1677
53467 1662 1677
53468 1661 1677
53469 1660 1678
53472 1659 1678
53473 1659 1678
53474 1659 1677
53475 1661 1677
53476 1661 1677
53477 1661 1678
53478 1660 1679
53479 1660 1679
53480 1660 1679
53481 1659 1679
53482 1660 1679
53483 1660 1679
53484 1662 1678
53485 1663 1677
53486 1664 1676
53487 1664 1676
53488 1663 1677
53489 1663 1678
53490 1661 1679
53491 1660 1682
53492 1656 1683
53493 1653 1684
53494 1649 1684
53496 1648 1685
53497 1648 1687
53498 1648 1686
53499 1648 1686
53500 1649 1686
53501 1648 1686
53502 1649 1687
53503 1649 1686
53504 1649 1687
53505 1649 1686
53506 1651 1686
53507 1652 1685
53508 1653 1685
53509 1653 1685
53510 1653 1685
53511 1654 1685
53512 1654 1684
53513 1654 1684
53514 1654 1684
53515 1656 1684
53516 1656 1684
53517 1657 1683
53518 1659 1683
53519 1661 1683
53520 1661 1684
53521 1662 1684
53522 1664 1684
53523 1666 1684
53524 1667 1684
53525 1667 1684
53526 1668 1684
53527 1669 1684
53528 1669 1684
53529 1669 1685
53530 1669 1685
53531 1669 1684
53532 1669 1684
53533 1670 1684
53534 1670 1683
53535 1670 1683
53536 1670 1683
53537 1670 1684
53538 1670 1684
53539 1670 1684
53540 1670 1684
53541 1670 1684
53542 1670 1684
53543 1670 1684
53544 1670 1684
53545 1670 1684
53546 1670 1684
53547 1670 1684
53548 1670 1684
53549 1670 1684
53550 1670 1684
53551 1670 1684
53552 1670 1684
53553 1670 1683
53554 1670 1683
53555 1670 1682
53556 1670 1681
53557 1671 1679
53558 1671 1676
53559 1673 1673
53560 1673 1671
53561 1674 1668
53562 1675 1665
53563 1675 1661
53564 1675 1659
53565 1675 1657
53566 1675 1656
53567 1675 1655
53568 1675 1654
53569 1675 1654
53570 1675 1652
53571 1675 1652
53572 1675 1653
53573 1675 1653
53574 1675 1653
53575 1675 1654
53576 1675 1655
53577 1675 1657
53578 1674 1658
53579 1674 1658
53580 1674 1658
53581 1673 1659
53582 1672 1661
53583 1672 1665
53584 1671 1668
53585 1670 1673
53586 1670 1677
53587 1670 1678
53588 1670 1679
53589 1669 1680
53590 1669 1681
53591 1668 1681
53592 1667 1679
53593 1666 1675
53594 1666 1662
53595 1664 1646
53596 1664 1645
53597 1664 1656
53598 1666 1669
53599 1671 1679
53600 1676 1683
53601 1681 1683
53602 1684 1683
53603 1688 1682
53604 1690 1678
53605 1691 1677
53606 1692 1671
53607 1693 1666
53608 1692 1659
53609 1692 1657
53610 1692 1657
53611 1691 1657
53612 1685 1660
53613 1674 1669
53614 1652 1673
53616 1553 1668
53617 1485 1641
53618 1394 1667
53619 1348 1677
53620 1379 1664
53621 1451 1561
53622 1501 1491
53623 1540 1404
53624 1576 1337
53625 1641 1332
53626 1667 1342
53627 1686 1352
53628 1688 1360
53629 1680 1362
53630 1693 1368
53631 1715 1369
53632 1726 1382
53633 1727 1391
53634 1723 1384
53635 1713 1367
53637 1670 1261
53638 1635 1228
53639 1590 1284
53640 1527 1374
53641 1454 1438
53642 1332 1542
53643 1188 1583
53644 1118 1627
53645 1194 1663
53646 1227 1683
53647 1216 1691
53648 1140 1692
53649 884 1692
53650 524 1691
53651 408 1686
53652 659 1684
53653 1011 1666
53656 1588 1471
53657 1658 1388
53658 1698 1381
53659 1716 1381
53660 1727 1376
53661 1734 1383
53662 1738 1387
53663 1739 1397
53664 1737 1404
53665 1732 1403
53666 1726 1393
53667 1718 1362
53668 1704 1310
53669 1681 1242
53670 1662 1187
53671 1639 1129
53672 1621 1083
53673 1604 1125
53674 1571 1237
53675 1528 1429
53676 1506 1551
53677 1462 1619
53678 1421 1653
53679 1400 1671
53680 1373 1681
53681 1322 1676
53682 1219 1654
53683 1235 1633
53684 1292 1633
53685 1392 1605
53686 1505 1510
53687 1579 1399
53688 1638 1343
53689 1674 1353
53690 1694 1364
53691 1711 1378
53692 1722 1384
53693 1727 1398
53694 1729 1404
53695 1724 1403
53696 1717 1393
53697 1710 1386
53698 1698 1376
53699 1670 1358
53700 1638 1398
53701 1605 1444
53702 1577 1459
53703 1556 1423
53704 1521 1404
53705 1493 1431
53706 1486 1528
53707 1502 1593
53708 1521 1613
53709 1525 1619
53710 1502 1635
53711 1510 1626
53712 1482 1566
53713 1446 1482
53716 1424 1484
53717 1519 1399
53718 1614 1320
53719 1668 1320
53720 1689 1349
53721 1700 1369
53722 1704 1372
53723 1705 1380
53724 1704 1397
53725 1700 1413
53726 1690 1422
53727 1687 1423
53728 1683 1421
53729 1671 1415
53730 1642 1434
53731 1609 1470
53732 1580 1499
53733 1546 1497
53734 1506 1459
53735 1445 1427
53736 1393 1474
53737 1397 1590
53738 1421 1644
53739 1462 1638
53740 1516 1583
53741 1538 1544
53742 1525 1497
53743 1490 1450
53744 1424 1381
53745 1385 1263
53746 1318 1344
53747 1326 1404
53748 1427 1339
53749 1551 1286
53750 1614 1303
53751 1653 1337
53752 1670 1365
53753 1675 1381
53754 1677 1396
53755 1674 1409
53756 1671 1412
53757 1666 1421
53758 1652 1427
53759 1632 1447
53760 1597 1486
53761 1530 1531
53762 1392 1591
53763 1178 1634
53764 1063 1646
53765 1126 1621
53766 1096 1607
53767 1069 1647
53768 1116 1689
53769 1087 1707
53770 1174 1713
53771 1301 1708
53772 1374 1692
53773 1391 1657
53774 1391 1521
53775 1361 1392
53776 1303 1381
53777 1266 1337
53778 1286 1324
53779 1359 1300
53780 1507 1316
53781 1598 1337
53782 1647 1360
53783 1667 1378
53784 1671 1392
53785 1682 1404
53786 1680 1409
53787 1671 1409
53788 1666 1405
53789 1654 1404
53790 1630 1407
53791 1597 1437
53792 1576 1477
53793 1522 1522
53794 1450 1560
53795 1406 1547
53796 1378 1497
53797 1350 1505
53798 1321 1587
53799 1304 1654
53800 1307 1670
53801 1357 1663
53802 1382 1651
53803 1391 1632
53804 1389 1600
53805 1386 1563
53806 1293 1580
53807 1245 1488
53808 1139 1524
53809 1103 1448
53810 1223 1418
53811 1370 1346
53812 1499 1323
53813 1573 1341
53814 1616 1377
53815 1641 1401
53816 1649 1398
53817 1662 1405
53818 1674 1419
53819 1702 1430
53820 1687 1408
53821 1676 1393
53822 1666 1375
53823 1650 1365
53824 1615 1394
53825 1552 1470
53826 1465 1519
53827 1364 1548
53828 1314 1551
53829 1235 1586
53830 1104 1659
53831 1000 1697
53832 869 1711
53833 1005 1717
53834 1077 1719
53835 1124 1720
53836 1131 1720
53837 1108 1721
53838 1101 1711
53839 1123 1609
53840 1273 1483
53841 1250 1513
53842 1266 1501
53843 1338 1465
53844 1452 1399
53845 1545 1354
53846 1610 1360
53847 1643 1383
53848 1657 1410
53849 1664 1415
53850 1670 1433
53851 1670 1443
53852 1668 1441
53853 1663 1429
53854 1657 1408
53855 1646 1390
53856 1615 1411
53857 1560 1482
53858 1483 1547
53859 1394 1573
53860 1336 1577
53861 1181 1591
53862 1009 1656
53863 803 1708
53864 856 1721
53865 1147 1719
53866 1234 1705
53867 1303 1686
53868 1296 1680
53869 1292 1672
53870 1246 1644
53871 1268 1419
53872 1211 1349
53873 1180 1387
53874 1241 1304
53875 1350 1240
53876 1482 1252
53877 1560 1285
53878 1618 1312
53879 1639 1349
53880 1651 1378
53881 1663 1388
53883 1663 1423
53884 1658 1428
53885 1655 1418
53886 1646 1405
53887 1632 1397
53888 1614 1412
53889 1582 1448
53890 1552 1474
53891 1521 1469
53892 1483 1456
53893 1407 1510
53894 1287 1602
53895 1139 1681
53896 932 1709
53897 1045 1715
53898 1123 1711
53899 1168 1703
53900 1176 1697
53901 1204 1662
53902 1165 1585
53903 1208 1396
53904 1181 1288
53905 1166 1245
53906 1175 1249
53907 1333 1268
53908 1409 1298
53909 1512 1317
53910 1594 1327
53911 1633 1357
53912 1650 1383
53913 1660 1395
53914 1666 1411
53915 1668 1425
53916 1666 1428
53917 1659 1425
53918 1652 1404
53919 1643 1376
53920 1626 1361
53921 1600 1350
53922 1571 1336
53923 1534 1333
53924 1507 1338
53925 1476 1361
53926 1430 1381
53927 1351 1535
53928 1272 1638
53929 1201 1674
53930 1156 1690
53931 1217 1691
53932 1265 1687
53933 1315 1679
53934 1319 1676
53935 1363 1658
53936 1411 1625
53937 1450 1582
53938 1464 1567
53939 1474 1556
53940 1478 1546
53941 1478 1552
53942 1485 1551
53943 1492 1539
53944 1500 1514
53945 1508 1497
53946 1512 1488
53947 1515 1489
53948 1518 1485
53949 1520 1479
53950 1521 1479
53951 1522 1475
53952 1526 1451
53953 1529 1446
53954 1531 1452
53955 1532 1463
53956 1532 1475
53957 1534 1480
53958 1535 1480
53959 1536 1476
53960 1538 1465
53961 1542 1446
53962 1547 1432
53963 1550 1428
53964 1550 1428
53965 1549 1436
53966 1547 1443
53967 1547 1459
53968 1548 1472
53969 1550 1483
53970 1550 1490
53971 1550 1493
53972 1550 1497
53973 1550 1500
53974 1549 1502
53975 1549 1503
53976 1548 1504
53977 1548 1504
53978 1548 1504
53979 1550 1503
53980 1551 1501
53981 1553 1498
53982 1554 1493
53983 1556 1487
53984 1557 1485
53985 1558 1484
53986 1558 1480
53987 1561 1471
53988 1562 1473
53989 1562 1471
53990 1563 1472
53991 1564 1471
53992 1565 1468
53993 1567 1456
53994 1568 1444
53995 1569 1443
53996 1569 1447
53997 1570 1453
53998 1570 1453
53999 1570 1452
54000 1571 1453
54001 1572 1450
54002 1573 1453
54003 1574 1456
54004 1575 1456
54005 1578 1453
54006 1580 1441
54007 1581 1438
54008 1583 1439
54009 1584 1446
54010 1584 1456
54011 1584 1471
54012 1583 1480
54013 1583 1482
54014 1583 1483
54015 1584 1482
54016 1584 1479
54017 1583 1478
54018 1581 1483
54019 1580 1495
54020 1581 1500
54021 1581 1503
54022 1581 1511
54023 1584 1515
54024 1585 1516
54025 1587 1517
54026 1588 1517
54027 1590 1516
54028 1592 1515
54029 1593 1515
54030 1594 1514
54031 1594 1513
54032 1594 1513
54033 1594 1511
54034 1594 1510
54035 1594 1507
54036 1594 1503
54037 1594 1501
54038 1594 1501
54039 1595 1499
54040 1595 1494
54041 1597 1486
54042 1598 1480
54043 1598 1477
54044 1598 1470
54045 1598 1476
54047 1598 1480
54048 1597 1482
54049 1597 1486
54050 1597 1487
54051 1598 1488
54052 1598 1488
54053 1599 1487
54054 1599 1487
54055 1599 1485
54057 1599 1479
54058 1599 1479
54059 1600 1483
54060 1600 1484
54061 1601 1486
54062 1602 1485
54063 1603 1483
54064 1604 1483
54065 1605 1483
54066 1606 1479
54067 1608 1484
54068 1612 1481
54069 1613 1482
54070 1614 1485
54071 1615 1486
54072 1615 1486
54073 1616 1484
54074 1616 1482
54075 1616 1480
54076 1616 1478
54077 1617 1477
54078 1617 1473
54079 1617 1464
54080 1618 1459
54081 1618 1447
54082 1619 1442
54083 1619 1440
54084 1619 1442
54085 1620 1444
54086 1620 1449
54087 1619 1454
54088 1619 1462
54089 1619 1468
54090 1619 1472
54091 1619 1476
54092 1619 1477
54093 1618 1482
54094 1618 1486
54095 1617 1487
54096 1616 1481
54097 1616 1478
54098 1614 1476
54099 1613 1471
54100 1612 1466
54101 1610 1465
54102 1610 1462
54103 1610 1465
54104 1610 1461
54105 1610 1460
54106 1607 1470
54107 1601 1489
54108 1598 1498
54109 1602 1499
54110 1608 1489
54111 1613 1472
54112 1618 1455
54113 1619 1456
54114 1620 1460
54115 1619 1468
54116 1618 1477
54117 1619 1482
54118 1621 1487
54119 1625 1494
54120 1627 1499
54121 1629 1502
54122 1630 1509
54123 1630 1517
54124 1627 1525
54125 1624 1533
54126 1621 1540
54127 1618 1548
54128 1616 1554
54129 1615 1559
54130 1613 1565
54131 1613 1568
54132 1613 1569
54133 1613 1572
54134 1613 1573
54135 1612 1574
54136 1612 1574
54137 1613 1574
54138 1614 1574
54139 1614 1574
54140 1614 1574
54141 1614 1573
54142 1613 1573
54143 1613 1574
54144 1613 1573
54145 1613 1572
54146 1612 1571
54147 1612 1571
54148 1612 1569
54149 1612 1568
54150 1612 1568
54151 1611 1570
54152 1610 1574
54153 1605 1580
54154 1601 1583
54155 1598 1586
54156 1597 1588
54157 1599 1589
54158 1600 1589
54159 1600 1590
54160 1599 1591
54161 1598 1593
54162 1598 1594
54163 1598 1595
54164 1599 1596
54165 1600 1596
54166 1603 1595
54167 1604 1593
54168 1605 1592
54169 1607 1588
54170 1608 1586
54171 1610 1583
54172 1611 1581
54173 1612 1580
54174 1613 1580
54175 1613 1581
54176 1613 1581
54177 1612 1584
54178 1612 1587
54179 1614 1584
54180 1617 1574
54181 1618 1569
54182 1618 1568
54183 1618 1567
54184 1618 1567
54185 1618 1568
54186 1617 1569
54187 1617 1567
54188 1617 1564
54189 1616 1575
54190 1616 1584
54191 1616 1582
54192 1616 1574
54193 1617 1580
54194 1618 1584
54195 1620 1575
54196 1620 1571
54197 1621 1576
54198 1621 1580
54199 1622 1578
54200 1623 1572
54201 1626 1555
54202 1628 1545
54203 1628 1548
54204 1628 1556
54205 1628 1559
54206 1628 1562
54207 1625 1568
54208 1623 1571
54209 1624 1572
54210 1623 1577
54211 1623 1582
54212 1623 1583
54213 1622 1584
54214 1622 1587
54215 1622 1587
54216 1623 1587
54217 1624 1587
54218 1626 1586
54219 1627 1586
54220 1629 1584
54221 1630 1582
54222 1632 1580
54223 1632 1579
54224 1633 1575
54225 1634 1571
54226 1634 1567
54227 1635 1561
54228 1636 1554
54229 1636 1545
54230 1637 1538
54231 1638 1535
54232 1638 1537
54233 1637 1539
54234 1638 1539
54235 1637 1540
54236 1637 1541
54237 1637 1544
54238 1637 1548
54239 1637 1549
54240 1637 1550
54241 1637 1551
54242 1637 1551
54243 1637 1551
54244 1638 1551
54245 1638 1551
54246 1638 1552
54247 1638 1552
54248 1638 1553
54249 1638 1552
54250 1638 1551
54251 1638 1551
54252 1638 1551
54253 1638 1553
54254 1638 1555
54255 1637 1558
54256 1637 1559
54257 1637 1560
54258 1637 1560
54259 1637 1561
54260 1638 1561
54261 1638 1559
54262 1638 1559
54263 1639 1559
54264 1639 1559
54265 1639 1559
54266 1639 1560
54267 1639 1560
54268 1639 1560
54269 1640 1559
54270 1640 1559
54271 1640 1559
54272 1640 1558
54273 1640 1558
54274 1639 1555
54275 1640 1555
54276 1640 1554
54277 1640 1553
54278 1640 1553
54279 1640 1555
54280 1640 1556
54281 1640 1557
54282 1640 1557
54283 1641 1557
54284 1641 1556
54285 1641 1557
54286 1641 1558
